NODE_COUNT_SECTION
64
END_SECTION
DEP_COUNT_SECTION
4
END_SECTION
DEP_SECTION
0	4.163	13.559	0	0	1000	0
1	21.387	17.105	0	0	1000	0
2	-36.118	49.097	0	0	1000	0
3	-31.201	0.235	0	0	1000	0
END_SECTION
RECHARGING_STATION_COUNT_SECTION
12
END_SECTION
RECHARGING_STATION_SECTION
0	-13.547	68.697	0	0	1000	0
1	-66.428	79.559	0	0	1000	0
2	50.209	8.149	0	0	1000	0
3	-44.579	34.883	0	0	1000	0
4	-43.744	90.591	0	0	1000	0
5	23.669	13.592	0	0	1000	0
6	-20.424	21.65	0	0	1000	0
7	-35.574	-20.826	0	0	1000	0
8	-78.531	28.9	0	0	1000	0
9	12.072	-40.372	0	0	1000	0
10	-2.795	11.015	0	0	1000	0
11	-59.298	0.773	0	0	1000	0
END_SECTION
CLIENT_COUNT_SECTION
48
END_SECTION
CLIENT_SECTION
0	-29.73	64.136	12	399	525	2
1	-30.664	5.463	8	121	299	7
2	51.642	5.469	16	389	483	21
3	-13.171	69.336	5	204	304	24
4	-67.413	68.323	12	317	458	1
5	48.907	6.274	5	160	257	17
6	5.243	22.26	13	170	287	6
7	-65.002	77.234	20	215	321	5
8	-4.175	-1.569	13	80	233	7
9	23.029	11.639	18	90	206	1
10	25.482	6.287	7	397	525	4
11	-42.615	-26.392	6	271	420	10
12	-76.672	99.341	9	108	266	2
13	-20.673	57.892	9	340	462	16
14	-52.039	6.567	4	226	377	23
15	-41.376	50.824	25	446	604	18
16	-91.943	27.588	5	444	566	3
17	-65.118	30.212	17	434	557	15
18	18.597	96.716	3	319	460	13
19	-40.942	83.209	16	192	312	10
20	-37.756	-33.325	25	414	572	4
21	23.767	29.083	21	371	462	23
22	-43.03	20.453	14	378	472	20
23	-35.297	-24.896	19	308	477	10
24	-54.755	14.368	14	329	444	4
25	-49.329	33.374	6	269	377	2
26	57.404	23.822	16	398	494	23
27	-22.754	55.408	9	257	416	6
28	-56.622	73.34	20	198	294	8
29	-38.562	-3.705	13	375	467	10
30	-16.779	19.537	10	200	338	7
31	-11.56	11.615	16	456	632	1
32	-46.545	97.974	19	72	179	21
33	16.229	9.32	22	182	282	6
34	1.294	7.349	14	159	306	4
35	-26.404	29.529	10	321	500	13
36	4.352	14.685	11	322	430	9
37	-50.665	-23.126	15	443	564	22
38	-22.833	-9.814	13	207	348	22
39	-71.1	-18.616	15	457	588	18
40	-7.849	32.074	8	203	382	10
41	11.877	-24.933	22	75	167	25
42	-18.927	-23.73	24	459	598	23
43	-11.92	11.755	3	174	332	4
44	29.84	11.633	25	130	225	9
45	12.268	-55.811	19	169	283	17
46	-37.933	-21.613	21	115	232	10
47	42.883	-2.966	10	414	531	17
END_SECTION
VEHICLE_BATTERY_SECTION
0
END_SECTION
VEHICLE_CAPACITY_SECTION
200
END_SECTION
BATTERY_CONSUM_RATE_SECTION
1
END_SECTION
INVERSE_REFUELING_RATE_SECTION
0.38
END_SECTION
AVERAGE_VELOCITY_SECTION
1
END_SECTION
END_FILE
