NODE_COUNT_SECTION
123
END_SECTION
DEP_COUNT_SECTION
4
END_SECTION
DEP_SECTION
0	6.229	10.59	0	0	1000	0
1	32.663	44.73	0	0	1000	0
2	48.807	48.792	0	0	1000	0
3	33.179	-4.968	0	0	1000	0
END_SECTION
RECHARGING_STATION_COUNT_SECTION
23
END_SECTION
RECHARGING_STATION_SECTION
0	60.944	7.48	0	0	1000	0
1	44.677	86.758	0	0	1000	0
2	7.1	-0.394	0	0	1000	0
3	-24.227	12.646	0	0	1000	0
4	80.71	68.458	0	0	1000	0
5	-45.828	1.764	0	0	1000	0
6	29.892	7.346	0	0	1000	0
7	66.312	40.378	0	0	1000	0
8	-24.211	32.839	0	0	1000	0
9	36.166	-6.358	0	0	1000	0
10	48.203	61.566	0	0	1000	0
11	89.996	-12.229	0	0	1000	0
12	6.594	-32.266	0	0	1000	0
13	-4.306	24.035	0	0	1000	0
14	-19.864	90.082	0	0	1000	0
15	4.861	32.702	0	0	1000	0
16	-37.583	-61.084	0	0	1000	0
17	-75.144	31.491	0	0	1000	0
18	19.738	20.659	0	0	1000	0
19	46.179	35.937	0	0	1000	0
20	57.342	66.773	0	0	1000	0
21	46.994	-30.491	0	0	1000	0
22	29.396	35.048	0	0	1000	0
END_SECTION
CLIENT_COUNT_SECTION
96
END_SECTION
CLIENT_SECTION
0	33.588	30.75	4	410	539	12
1	48.828	65.314	12	125	278	1
2	86.176	59.344	3	256	378	1
3	39.27	-33.057	15	382	504	15
4	-23.37	86.853	13	422	539	10
5	48.132	95.593	20	336	444	12
6	-16.357	93.311	21	257	387	15
7	-57.703	-65.601	4	81	231	16
8	7.147	32.684	25	314	439	18
9	42.95	68.701	21	345	505	9
10	37.085	-2.112	7	143	253	5
11	77.759	55.817	3	205	372	19
12	-17.462	-56.567	9	417	591	11
13	58.575	59.888	5	402	559	12
14	57.776	15.344	20	114	285	13
15	-22.327	36.072	21	376	549	8
16	-7.08	30.493	19	298	434	14
17	55.658	60.425	2	445	572	9
18	-14.307	11.456	16	213	347	2
19	-29.724	24.268	18	206	358	25
20	43.219	0.739	24	161	257	6
21	45.184	35.474	24	378	522	16
22	64.484	2.24	8	228	368	18
23	55.078	72.241	16	402	535	4
24	16.925	15.741	19	103	228	17
25	45.038	-3.723	12	314	446	4
26	-76.782	5.939	9	387	508	22
27	36.169	0.256	3	447	555	12
28	29.218	8.936	15	143	310	13
29	65.057	5.225	4	332	498	5
30	42.175	-22.284	24	316	425	24
31	25.574	31.726	22	444	606	12
32	31.561	37.262	14	216	360	16
33	66.498	-54.169	11	188	352	8
34	46.576	-17.938	20	476	615	10
35	65.063	40.875	5	375	473	15
36	-2.716	24.768	11	100	197	21
37	-40.002	3.87	12	234	396	5
38	-73.505	57.043	7	171	343	9
39	81.146	-25.714	1	152	326	5
40	12.006	-7.965	23	140	319	9
41	42.761	38.092	13	178	341	20
42	3.857	-23.181	4	136	294	14
43	-7.367	24.39	23	455	622	24
44	35.944	-11.835	17	231	369	23
45	52.075	9.692	13	322	446	12
46	30.725	30.701	9	450	566	13
47	41.223	77.924	10	162	334	19
48	68.884	-40.546	22	439	540	21
49	76.312	86.67	21	216	357	5
50	63.934	78.54	13	70	243	9
51	29.15	-9.961	25	436	537	23
52	85.522	39.954	8	300	425	8
53	31.775	3.87	20	210	347	5
54	-20.544	19.086	3	104	279	8
55	55.353	43.817	4	370	467	10
56	35.406	10.278	13	169	316	9
57	25.464	-0.287	18	424	548	21
58	12.396	0.244	1	300	449	12
59	18.359	20.917	10	137	233	8
60	27.96	-15.039	16	422	564	4
61	-3.192	19.879	9	95	230	14
62	9.332	-41.351	13	107	272	19
63	-20.581	38.177	23	299	433	23
64	27.82	28.729	14	180	323	4
65	59.027	42.31	5	222	322	9
66	56.311	58.734	1	109	253	1
67	-51.654	-0.342	6	237	392	21
68	2.576	32.721	20	178	283	20
69	15.131	-3.046	10	285	405	24
70	66.595	34.937	19	457	606	22
71	19.476	20.142	24	300	416	25
72	-1.172	20.648	3	129	299	19
73	-21.204	13.66	5	372	511	14
74	98.846	1.257	13	95	260	11
75	82.593	72.003	5	122	251	22
76	30.017	-30.896	4	233	387	25
77	33.228	41.663	12	306	411	5
78	39.49	-8.539	11	129	234	10
79	54.498	70.813	20	248	346	4
80	3.058	10.248	13	106	251	4
81	51.831	-16.87	1	410	570	6
82	76.416	11.346	3	432	539	22
83	5.243	0.238	2	350	455	17
84	50.592	34.247	23	190	339	22
85	-5.231	-2.081	8	110	257	3
86	24.194	25.836	25	383	531	25
87	33.63	37.585	18	324	442	22
88	31.445	-7.001	4	158	285	23
89	30.707	-28.168	5	272	413	16
90	49.86	1.038	21	404	554	13
91	-35.767	14.142	23	82	254	23
92	-29.309	4.889	19	216	370	1
93	19.049	41.974	2	442	553	11
94	27.6	13.934	21	85	192	19
95	52.832	50.684	10	124	269	21
END_SECTION
VEHICLE_BATTERY_SECTION
0
END_SECTION
VEHICLE_CAPACITY_SECTION
195
END_SECTION
BATTERY_CONSUM_RATE_SECTION
1
END_SECTION
INVERSE_REFUELING_RATE_SECTION
0.38
END_SECTION
AVERAGE_VELOCITY_SECTION
1
END_SECTION
END_FILE
