NODE_COUNT_SECTION
302
END_SECTION
DEP_COUNT_SECTION
4
END_SECTION
DEP_SECTION
0	34.43	-17.151	0	0	1000	0
1	0.269	-8.154	0	0	1000	0
2	3.14	13.297	0	0	1000	0
3	-3.113	-29.745	0	0	1000	0
END_SECTION
RECHARGING_STATION_COUNT_SECTION
58
END_SECTION
RECHARGING_STATION_SECTION
0	20.386	-83.492	0	0	1000	0
1	76.825	-26.718	0	0	1000	0
2	-19.589	11.111	0	0	1000	0
3	-14.152	71.057	0	0	1000	0
4	-48.59	11.396	0	0	1000	0
5	48.474	6.674	0	0	1000	0
6	-24.565	-76.537	0	0	1000	0
7	-22.492	-41.409	0	0	1000	0
8	28.25	14.027	0	0	1000	0
9	20.306	-14.833	0	0	1000	0
10	47.488	-26.058	0	0	1000	0
11	-39.286	53.912	0	0	1000	0
12	31.918	-24.228	0	0	1000	0
13	64.243	65.338	0	0	1000	0
14	80.733	-0.558	0	0	1000	0
15	-14.222	-59.195	0	0	1000	0
16	-47.827	-27.973	0	0	1000	0
17	5.715	13.339	0	0	1000	0
18	10.868	-41.329	0	0	1000	0
19	28.031	-9.005	0	0	1000	0
20	1.608	-19.428	0	0	1000	0
21	29.73	-32.514	0	0	1000	0
22	-15.706	-28.287	0	0	1000	0
23	-38.442	-38.06	0	0	1000	0
24	27.823	-0.18	0	0	1000	0
25	49.249	32.332	0	0	1000	0
26	-57.695	-38.648	0	0	1000	0
27	88.531	78.067	0	0	1000	0
28	-24.482	34.388	0	0	1000	0
29	48.445	84.011	0	0	1000	0
30	16.955	-23.451	0	0	1000	0
31	9.635	-17.247	0	0	1000	0
32	-4.669	-11.359	0	0	1000	0
33	-13.391	-41.133	0	0	1000	0
34	38.3	-42.391	0	0	1000	0
35	-14.97	-1.675	0	0	1000	0
36	42.431	-59.903	0	0	1000	0
37	56.956	-8.876	0	0	1000	0
38	-13.498	-21.287	0	0	1000	0
39	13.988	-4.116	0	0	1000	0
40	61.66	-72.809	0	0	1000	0
41	12.357	26.838	0	0	1000	0
42	-27.072	-39.099	0	0	1000	0
43	2.343	-5.032	0	0	1000	0
44	-33.928	-24.876	0	0	1000	0
45	32.849	39.101	0	0	1000	0
46	42.658	-13.383	0	0	1000	0
47	-6.852	9.581	0	0	1000	0
48	8.456	60.249	0	0	1000	0
49	-4.306	-0.472	0	0	1000	0
50	-5.611	24.065	0	0	1000	0
51	7.126	-59.965	0	0	1000	0
52	-22.245	-9.135	0	0	1000	0
53	-28.862	-51.778	0	0	1000	0
54	-1.698	-28.87	0	0	1000	0
55	-5.014	-53.008	0	0	1000	0
56	20.62	33.723	0	0	1000	0
57	62.73	-47.989	0	0	1000	0
END_SECTION
CLIENT_COUNT_SECTION
240
END_SECTION
CLIENT_SECTION
0	65.991	-49.829	10	422	555	20
1	-36.938	-36.743	25	128	256	20
2	-2.734	18.774	18	122	271	13
3	31.116	-35.907	16	141	286	13
4	2.789	8.008	14	106	199	17
5	31.152	43.665	7	92	212	24
6	-36.304	-21.307	9	345	487	15
7	52.814	35.046	16	366	470	12
8	11.267	20.66	24	127	225	20
9	-0.623	23.114	6	179	292	20
10	43.091	-12.36	22	308	401	3
11	6.854	19.073	11	139	234	8
12	-6.848	25.317	19	306	406	16
13	-27.93	-23.712	20	465	566	20
14	33.24	-30.487	20	422	523	21
15	63.885	-52.881	16	305	404	23
16	-13.672	-43.945	5	151	301	21
17	-0.647	-27.502	21	455	587	3
18	59.406	-49.261	19	107	233	19
19	27.167	-5.713	18	221	316	20
20	70.001	-20.844	22	329	454	7
21	35.327	-65.167	19	384	490	14
22	-14.386	-42.236	15	79	175	24
23	19.366	30.273	24	76	173	3
24	-39.789	10.101	20	297	433	13
25	-15.753	-40.204	17	358	514	1
26	-28.418	-40.503	20	375	521	5
27	27.081	9.735	12	218	364	2
28	22.205	-9.216	23	87	235	9
29	-0.83	-6.525	15	289	439	18
30	10.217	75.531	19	432	603	5
31	7.446	18.5	23	433	581	12
32	48.914	-20.294	9	360	450	11
33	-18.958	-29.675	21	194	333	17
34	16.815	-6.659	17	373	503	21
35	2.509	-30.42	6	429	536	5
36	15.424	4.913	10	298	473	5
37	60.315	89.801	9	445	557	7
38	40.405	-45.367	19	134	248	24
39	-26.837	-54.272	17	267	395	1
40	69.171	72.577	22	76	254	12
41	-22.815	46.173	8	281	426	6
42	-14.258	-30.249	25	232	409	5
43	76.05	12.073	13	317	492	19
44	63.043	60.022	1	333	424	23
45	-20.239	-81.97	15	474	608	8
46	-41.168	-42.023	16	364	478	1
47	79.199	-29.016	20	329	467	20
48	-20.728	-7.068	14	330	429	16
49	-4.163	-53.497	2	478	585	8
50	39.594	-40.46	5	66	239	16
51	-47.125	-77.85	16	126	239	25
52	-1.233	49.182	12	264	403	5
53	-0.372	-27.264	1	144	253	10
54	31.537	-8.722	15	154	325	24
55	-0.134	-20.264	5	244	419	16
56	66.394	-26.691	9	159	273	7
57	6.104	-64.093	8	130	263	14
58	13.544	-20.874	2	334	434	11
59	54.211	-6.537	10	420	514	15
60	22.046	-34.137	25	392	544	23
61	-9.723	4.706	24	151	316	5
62	-11.584	-46.857	7	117	240	16
63	-2.905	-0.305	14	131	298	13
64	13.837	-44.452	3	64	237	18
65	17.48	27.747	23	119	209	14
66	2.972	-43.689	21	109	268	3
67	-44.354	-38.202	13	340	441	22
68	-59.399	1.514	15	356	476	16
69	-13.452	-75.531	14	391	556	16
70	-5.518	-51.947	7	295	430	2
71	-9.589	-26.88	20	139	232	19
72	19.318	29.498	6	277	412	23
73	26.245	36.743	24	286	465	6
74	43.707	-28.033	17	386	560	11
75	-52.026	-35.339	3	78	221	19
76	-8.435	-0.116	15	337	474	3
77	89.111	62.122	6	325	416	14
78	6.067	-16.132	21	103	206	14
79	27.094	-5.103	25	386	500	19
80	27.527	-15.344	18	288	445	3
81	42.511	32.056	1	225	379	18
82	25.311	12.689	19	252	415	24
83	47.778	-12.769	17	404	513	6
84	-3.143	-13.837	20	169	333	1
85	12.482	-78.101	1	190	368	3
86	-21.039	-3.43	13	383	516	15
87	-3.149	-55.432	25	71	220	18
88	53.009	84.9	16	469	571	5
89	35.638	-47.552	5	64	236	23
90	43.427	-18.439	18	187	292	10
91	6.598	-54.578	17	90	253	20
92	87.952	94.012	15	123	274	11
93	39.105	-48.743	13	101	229	16
94	-48.34	-26.477	15	406	535	15
95	72.003	-9.253	2	364	458	19
96	-37.732	3.351	1	347	456	4
97	-65.967	-36.749	9	420	521	14
98	-16.669	-35.284	16	339	491	23
99	10.742	-4.669	6	61	203	11
100	15.594	-5.817	18	437	603	21
101	21.606	-18.109	24	423	567	14
102	9.784	49.28	24	340	434	16
103	94.147	-4.492	9	146	270	25
104	10.382	-16.302	19	230	409	17
105	-1.453	-0.861	12	239	338	16
106	-6.219	25.305	22	467	591	13
107	-6.25	10.217	13	400	539	23
108	-17.444	-70.795	20	424	576	10
109	-55.09	-43.854	25	457	599	2
110	-9.442	23.724	1	360	529	15
111	8.978	35.406	24	165	260	14
112	-16.754	-0.812	10	312	430	22
113	66.852	-37.842	22	108	210	15
114	14.716	-23.724	14	308	479	16
115	33.472	20.026	12	299	466	12
116	66.394	-70.111	23	97	242	14
117	-5.664	8.881	14	68	225	15
118	-5.103	-46.729	23	175	292	11
119	-8.826	55.743	25	457	577	11
120	5.847	-3.186	5	202	312	4
121	-25.726	-37.695	7	100	234	23
122	-15.363	-24.548	25	368	547	13
123	43.793	-11.102	11	101	210	22
124	17.664	-25.604	18	119	246	17
125	-39.624	54.883	18	471	568	2
126	-24.554	-43.225	1	233	411	5
127	-26.892	-12.738	7	296	451	14
128	34.155	-38.458	22	133	255	1
129	-47.314	-29.468	7	146	303	13
130	49.365	-25.592	3	185	345	8
131	3.705	-16.449	18	413	526	24
132	22.43	-23.273	8	67	216	12
133	-37.549	-29.608	6	400	541	23
134	25.549	3.674	7	413	517	1
135	-15.216	3.284	20	242	359	2
136	-12.939	-7.495	10	66	184	8
137	-22.107	26.434	2	395	498	18
138	-17.944	7.733	3	382	494	14
139	-21.234	14.49	10	370	537	23
140	3.503	-19.708	5	66	161	14
141	32.599	-14.935	25	257	401	4
142	-5.737	-28.296	23	385	483	24
143	-6.128	-39.624	21	409	510	9
144	-2.46	12.817	13	62	154	15
145	-6.47	8.466	1	330	423	10
146	-37.891	-36.115	11	91	227	3
147	10.852	-18.75	6	105	249	12
148	50.104	8.636	9	309	475	6
149	46.844	4.712	17	374	491	1
150	19.598	-10.406	13	408	533	24
151	-38.947	52.942	23	409	553	3
152	-0.641	-21.289	19	225	325	4
153	40.906	-33.765	11	388	494	7
154	-0.574	-62.299	12	257	371	21
155	-9.778	26.794	18	274	371	1
156	34.265	-23.895	25	169	274	24
157	29.572	-24.561	13	126	300	5
158	16.376	-58.887	24	427	552	23
159	61.877	-15.167	5	143	311	5
160	40.088	-9.625	14	233	352	17
161	0.122	-4.645	18	233	340	24
162	-8.929	-43.903	25	236	336	23
163	-7.135	-57.434	11	325	442	3
164	7.55	-21.21	18	244	372	5
165	3.949	7.3	23	396	510	22
166	-15.118	92.023	22	447	590	9
167	84.821	-24.518	20	169	274	23
168	-52.325	30.682	11	125	288	15
169	7.538	13.818	11	380	545	15
170	-21.484	30.359	19	250	428	11
171	36.047	29.883	13	125	223	20
172	12.781	-40.942	24	209	357	10
173	-17.291	-10.254	6	165	341	24
174	-10.541	12.402	5	61	234	10
175	-15.845	-59.46	24	387	496	6
176	29.266	-2.222	7	244	388	22
177	-12.598	-58.929	13	464	597	25
178	-17.303	-35.297	25	84	215	11
179	57.05	-50.354	15	328	452	6
180	26.941	17.444	15	437	611	9
181	-6.195	-8.881	16	234	405	6
182	16.98	-16.321	5	70	180	12
183	83.71	-32.52	15	405	545	4
184	12.451	34.589	24	352	525	24
185	15.057	67.004	15	448	577	18
186	25.818	-5.835	9	289	396	3
187	13.666	-14.832	19	222	374	18
188	48.322	-5.164	15	272	428	17
189	13.489	19.739	2	239	386	23
190	-18.512	65.405	3	342	482	10
191	17.554	38.379	18	332	510	22
192	37.775	-16.003	20	412	554	5
193	47.968	-30.31	14	149	265	16
194	38.806	36.243	10	450	562	10
195	-16.089	-42.841	6	197	325	10
196	28.656	-1.99	17	74	191	9
197	-5.859	-1.862	20	271	425	5
198	60.516	63.416	3	167	311	9
199	63.196	-47.766	14	302	469	12
200	-15.308	-23.285	12	116	236	16
201	-2.875	0.787	2	447	572	8
202	32.056	-10.175	11	396	532	1
203	-18.634	-25.665	16	432	547	1
204	-3.632	25.433	18	326	417	18
205	10.48	22.888	14	410	504	22
206	1.819	-3.009	6	317	408	20
207	-25.275	-12.183	12	420	561	4
208	56.927	-75.507	21	97	213	15
209	13.885	-36.23	1	292	389	7
210	32.52	-29.523	18	143	237	25
211	4.803	-7.288	17	421	567	3
212	11.365	-8.344	15	322	482	22
213	17.126	-24.646	4	246	365	5
214	-33.661	-41.241	18	461	626	1
215	-32.391	-50.885	22	294	457	9
216	23.041	-14.496	16	189	301	16
217	-21.857	-39.502	14	430	538	23
218	32.013	77.332	25	264	394	5
219	13.831	-76.19	15	186	353	5
220	-8.051	-21.179	6	218	344	6
221	25.391	46.613	7	95	216	16
222	49.536	-54.639	21	384	550	25
223	63.416	-8.636	3	238	330	1
224	2.301	-5.536	15	221	321	25
225	52.423	29.895	24	412	538	17
226	9.296	-16.254	2	159	272	11
227	34.845	-96.185	17	218	378	24
228	-21.063	-41.498	2	133	310	10
229	28.448	10.242	25	97	225	12
230	16.254	-22.583	15	346	520	17
231	-36.639	-34.033	3	382	538	18
232	-27.356	-50.177	1	382	492	5
233	-53.705	11.334	1	224	359	16
234	26.276	-5.994	20	99	216	9
235	-31.519	34.589	19	167	257	6
236	-14.612	-31.506	2	101	207	1
237	-4.242	-30.865	9	170	330	4
238	-18.524	-29.486	4	195	328	20
239	-17.133	-19.397	16	199	373	19
END_SECTION
VEHICLE_BATTERY_SECTION
0
END_SECTION
VEHICLE_CAPACITY_SECTION
180
END_SECTION
BATTERY_CONSUM_RATE_SECTION
1
END_SECTION
INVERSE_REFUELING_RATE_SECTION
0.38
END_SECTION
AVERAGE_VELOCITY_SECTION
1
END_SECTION
END_FILE
