NODE_COUNT_SECTION
964
END_SECTION
DEP_COUNT_SECTION
4
END_SECTION
DEP_SECTION
0	44.306	-25.952	0	0	1000	0
1	-32.403	14.042	0	0	1000	0
2	37.663	13.769	0	0	1000	0
3	-15.104	12.111	0	0	1000	0
END_SECTION
RECHARGING_STATION_COUNT_SECTION
480
END_SECTION
RECHARGING_STATION_SECTION
0	64.827	48.437	0	0	1000	0
1	-84.37	74.398	0	0	1000	0
2	-66.256	-28.344	0	0	1000	0
3	-9.72	-50.075	0	0	1000	0
4	47.21	79.59	0	0	1000	0
5	90.516	-8.751	0	0	1000	0
6	-88.916	61.698	0	0	1000	0
7	44.061	-63.955	0	0	1000	0
8	57.645	75.778	0	0	1000	0
9	42.872	-86.788	0	0	1000	0
10	-64.039	-81.831	0	0	1000	0
11	-70.301	58.036	0	0	1000	0
12	-83.783	19.863	0	0	1000	0
13	8.029	-63.5	0	0	1000	0
14	28.453	96.287	0	0	1000	0
15	91.668	46.465	0	0	1000	0
16	22.994	94.992	0	0	1000	0
17	85.196	-47.202	0	0	1000	0
18	-98.603	70.484	0	0	1000	0
19	-75.686	-60.478	0	0	1000	0
20	-28.484	28.584	0	0	1000	0
21	35.214	84.535	0	0	1000	0
22	-36.842	-76.44	0	0	1000	0
23	33.714	29.507	0	0	1000	0
24	24.497	98.978	0	0	1000	0
25	-20.261	72.157	0	0	1000	0
26	-29.609	-52.145	0	0	1000	0
27	-72.259	-82.192	0	0	1000	0
28	-4.227	-34.223	0	0	1000	0
29	50.295	12.413	0	0	1000	0
30	2.848	65.409	0	0	1000	0
31	82.021	-49.305	0	0	1000	0
32	30.448	-89.514	0	0	1000	0
33	89.201	79.734	0	0	1000	0
34	-77.014	-3.068	0	0	1000	0
35	0.108	52.122	0	0	1000	0
36	-85.398	-92.319	0	0	1000	0
37	93.831	-22	0	0	1000	0
38	25.935	57.728	0	0	1000	0
39	21.778	-91.824	0	0	1000	0
40	-61.507	-17.173	0	0	1000	0
41	79.157	98.536	0	0	1000	0
42	68.099	80.134	0	0	1000	0
43	2.415	-81.105	0	0	1000	0
44	-73.574	-96.412	0	0	1000	0
45	0.104	19.351	0	0	1000	0
46	80.734	-95.833	0	0	1000	0
47	-73.218	32.024	0	0	1000	0
48	-16.995	-59.011	0	0	1000	0
49	-32.162	-18.038	0	0	1000	0
50	98.511	-51.674	0	0	1000	0
51	63.144	-20.996	0	0	1000	0
52	-90.828	24.641	0	0	1000	0
53	44.433	-83.013	0	0	1000	0
54	-38.906	-49.351	0	0	1000	0
55	74.641	-64.821	0	0	1000	0
56	-45.386	-5.479	0	0	1000	0
57	-95.288	56.837	0	0	1000	0
58	-31.709	51.49	0	0	1000	0
59	-15.708	78.986	0	0	1000	0
60	75.443	49.127	0	0	1000	0
61	81.288	-18.273	0	0	1000	0
62	-69.627	0.272	0	0	1000	0
63	67.177	92.088	0	0	1000	0
64	-60.709	92.321	0	0	1000	0
65	88.741	87.652	0	0	1000	0
66	24.811	12.393	0	0	1000	0
67	-32.482	94.671	0	0	1000	0
68	49.724	-73.793	0	0	1000	0
69	-79.252	77.979	0	0	1000	0
70	-25.619	-50.435	0	0	1000	0
71	-65.31	-88.727	0	0	1000	0
72	-34.149	-80.669	0	0	1000	0
73	-11.176	-40.123	0	0	1000	0
74	-27.17	18.178	0	0	1000	0
75	67.31	-33.767	0	0	1000	0
76	23.296	-0.83	0	0	1000	0
77	98.23	-19.749	0	0	1000	0
78	-79.177	71.51	0	0	1000	0
79	58.633	-93.487	0	0	1000	0
80	-35	-63.27	0	0	1000	0
81	-98.016	-62.462	0	0	1000	0
82	15.446	33.705	0	0	1000	0
83	51.617	-97.518	0	0	1000	0
84	35.933	-52.075	0	0	1000	0
85	-87.164	-77.523	0	0	1000	0
86	-16.032	-66.109	0	0	1000	0
87	-79.876	29.145	0	0	1000	0
88	93.603	-43.613	0	0	1000	0
89	-90.271	-13.693	0	0	1000	0
90	-73.128	-29.092	0	0	1000	0
91	71.47	-59.931	0	0	1000	0
92	-78.403	63.509	0	0	1000	0
93	10.111	89.689	0	0	1000	0
94	-69.51	25.765	0	0	1000	0
95	22.876	87.684	0	0	1000	0
96	-75.983	69.62	0	0	1000	0
97	-67.496	60.187	0	0	1000	0
98	54.58	-23.442	0	0	1000	0
99	64.04	40.372	0	0	1000	0
100	39.747	-75.122	0	0	1000	0
101	60.102	73.83	0	0	1000	0
102	-35.405	-74.374	0	0	1000	0
103	-86.312	19.354	0	0	1000	0
104	43.65	45.843	0	0	1000	0
105	-86.302	50.717	0	0	1000	0
106	56.127	-73.54	0	0	1000	0
107	-16.217	40.044	0	0	1000	0
108	-1.627	-19.089	0	0	1000	0
109	-66.241	-16.981	0	0	1000	0
110	15.388	-18.664	0	0	1000	0
111	98.83	12.826	0	0	1000	0
112	-86.609	-67.235	0	0	1000	0
113	96.522	39.2	0	0	1000	0
114	-25.442	28.908	0	0	1000	0
115	59.045	14.41	0	0	1000	0
116	20.187	8.477	0	0	1000	0
117	41.522	-60.378	0	0	1000	0
118	-44.982	17.064	0	0	1000	0
119	-61.959	-18.511	0	0	1000	0
120	-96.243	-52.375	0	0	1000	0
121	-73.928	-23.535	0	0	1000	0
122	-7.707	83.435	0	0	1000	0
123	-82.678	-60.326	0	0	1000	0
124	-11.108	-51.889	0	0	1000	0
125	91.11	-56.856	0	0	1000	0
126	-55.893	49.933	0	0	1000	0
127	-33.956	97.014	0	0	1000	0
128	-68.928	65.406	0	0	1000	0
129	69.251	-43.499	0	0	1000	0
130	-57.071	60.211	0	0	1000	0
131	58.75	37.168	0	0	1000	0
132	60.986	-11.834	0	0	1000	0
133	98.324	-4.812	0	0	1000	0
134	-88.471	-55.227	0	0	1000	0
135	50.535	-47.345	0	0	1000	0
136	70.096	-69.543	0	0	1000	0
137	55.307	-29.019	0	0	1000	0
138	-83.032	-2.71	0	0	1000	0
139	33.297	-43.454	0	0	1000	0
140	95.664	88.091	0	0	1000	0
141	68.674	-77.274	0	0	1000	0
142	0.922	-84.757	0	0	1000	0
143	60.551	50.528	0	0	1000	0
144	-60.495	37.707	0	0	1000	0
145	69.48	-95.286	0	0	1000	0
146	-67.899	-59.416	0	0	1000	0
147	-24.9	37.655	0	0	1000	0
148	7.826	13.186	0	0	1000	0
149	31.324	73.022	0	0	1000	0
150	-53.257	-18.092	0	0	1000	0
151	-17.022	75.747	0	0	1000	0
152	79.407	-84.96	0	0	1000	0
153	94.813	97.655	0	0	1000	0
154	96.682	1.963	0	0	1000	0
155	-76.171	-58.494	0	0	1000	0
156	-66.756	57.07	0	0	1000	0
157	4.03	-19.787	0	0	1000	0
158	-11.739	61.143	0	0	1000	0
159	37.836	0.765	0	0	1000	0
160	2.411	22.652	0	0	1000	0
161	-7.596	-49.373	0	0	1000	0
162	-10.671	82.417	0	0	1000	0
163	58.201	-44.852	0	0	1000	0
164	42.793	-96.489	0	0	1000	0
165	13.865	77.578	0	0	1000	0
166	-72.179	-65.714	0	0	1000	0
167	72.855	-53.707	0	0	1000	0
168	98.408	-15.875	0	0	1000	0
169	-36.597	-98.22	0	0	1000	0
170	-46.693	-89.776	0	0	1000	0
171	-63.757	-81.043	0	0	1000	0
172	-25.912	-12.5	0	0	1000	0
173	30.763	85.553	0	0	1000	0
174	72.158	-49.126	0	0	1000	0
175	-29.117	-16.781	0	0	1000	0
176	72.313	-39.146	0	0	1000	0
177	-43.582	-67.551	0	0	1000	0
178	58.063	77.759	0	0	1000	0
179	-72.464	-38.558	0	0	1000	0
180	-31.196	28.793	0	0	1000	0
181	-12.118	-51.802	0	0	1000	0
182	34.864	19.754	0	0	1000	0
183	20.45	5.154	0	0	1000	0
184	3.889	49.076	0	0	1000	0
185	-28.364	-67.541	0	0	1000	0
186	95.34	-76.329	0	0	1000	0
187	-20.064	88.549	0	0	1000	0
188	17.576	-32.944	0	0	1000	0
189	14.496	67.156	0	0	1000	0
190	80.127	74.817	0	0	1000	0
191	97.469	-94.906	0	0	1000	0
192	-25.627	69.783	0	0	1000	0
193	-28.401	-99.324	0	0	1000	0
194	50.075	30.104	0	0	1000	0
195	-71.62	2.646	0	0	1000	0
196	12.915	-98.794	0	0	1000	0
197	-62.685	-8.744	0	0	1000	0
198	56.589	-70.657	0	0	1000	0
199	-31.331	-31.421	0	0	1000	0
200	-43.98	90.593	0	0	1000	0
201	26.527	-69.661	0	0	1000	0
202	-69.424	52.137	0	0	1000	0
203	-54.424	-13.872	0	0	1000	0
204	15.812	-80.864	0	0	1000	0
205	-83.857	-49.906	0	0	1000	0
206	40.424	-79.066	0	0	1000	0
207	-67.86	44.448	0	0	1000	0
208	59.269	38.066	0	0	1000	0
209	1.701	-67.918	0	0	1000	0
210	44.975	87.472	0	0	1000	0
211	57.629	35.435	0	0	1000	0
212	-99.949	78.102	0	0	1000	0
213	99.913	86.062	0	0	1000	0
214	-70.393	-12.736	0	0	1000	0
215	24.002	-38.426	0	0	1000	0
216	-53.887	-49.366	0	0	1000	0
217	95.928	10.482	0	0	1000	0
218	-31.829	4.337	0	0	1000	0
219	47.684	62.209	0	0	1000	0
220	-66.668	-37.401	0	0	1000	0
221	17.807	-31.234	0	0	1000	0
222	-36.21	75.098	0	0	1000	0
223	66.718	-40.335	0	0	1000	0
224	90.712	-46.793	0	0	1000	0
225	-77.661	49.278	0	0	1000	0
226	-52.729	77.002	0	0	1000	0
227	44.581	-35.831	0	0	1000	0
228	7.491	-10.169	0	0	1000	0
229	6.785	11.324	0	0	1000	0
230	-33.471	98.485	0	0	1000	0
231	-16.528	-52.459	0	0	1000	0
232	-2.616	-45.108	0	0	1000	0
233	-66.897	15.295	0	0	1000	0
234	76.404	-30.405	0	0	1000	0
235	-60.986	-67.986	0	0	1000	0
236	-24.011	-86.817	0	0	1000	0
237	98.059	16.247	0	0	1000	0
238	1.365	-57.99	0	0	1000	0
239	68.587	-78.809	0	0	1000	0
240	-9.815	-86.391	0	0	1000	0
241	49.922	13.192	0	0	1000	0
242	-4.258	-91.165	0	0	1000	0
243	89.349	-18.252	0	0	1000	0
244	-17.556	5.642	0	0	1000	0
245	-98.375	-67.752	0	0	1000	0
246	11.423	-85.39	0	0	1000	0
247	-72.785	-68.14	0	0	1000	0
248	62.956	43.244	0	0	1000	0
249	5.312	56.552	0	0	1000	0
250	-65.52	-53.04	0	0	1000	0
251	37.815	60.251	0	0	1000	0
252	-82.718	34.769	0	0	1000	0
253	36.114	56.615	0	0	1000	0
254	-60.954	80.289	0	0	1000	0
255	-68.729	-63.871	0	0	1000	0
256	-66.485	89.372	0	0	1000	0
257	66.3	-12.99	0	0	1000	0
258	6.653	-0.248	0	0	1000	0
259	-65.418	-44.258	0	0	1000	0
260	95.816	-81.241	0	0	1000	0
261	67.027	-89.674	0	0	1000	0
262	90.179	-91.676	0	0	1000	0
263	-42.445	-73.38	0	0	1000	0
264	-14.05	-25.887	0	0	1000	0
265	88.949	-76.044	0	0	1000	0
266	5.292	65.403	0	0	1000	0
267	-48.889	-14.491	0	0	1000	0
268	11.053	27.916	0	0	1000	0
269	-96.85	30.821	0	0	1000	0
270	55.022	45.616	0	0	1000	0
271	-10.164	79.954	0	0	1000	0
272	-34.025	-80.909	0	0	1000	0
273	-53.896	-61.495	0	0	1000	0
274	97.163	-8.185	0	0	1000	0
275	-48.036	91.835	0	0	1000	0
276	70.116	-52.159	0	0	1000	0
277	-37.542	97.917	0	0	1000	0
278	-95.944	33.86	0	0	1000	0
279	-85.897	-28.893	0	0	1000	0
280	-7.206	-37.81	0	0	1000	0
281	-87.997	-91.274	0	0	1000	0
282	63.089	3.389	0	0	1000	0
283	64.586	-56.96	0	0	1000	0
284	88.486	69.748	0	0	1000	0
285	-4.157	80.282	0	0	1000	0
286	-66.415	-98.36	0	0	1000	0
287	47.768	-92.319	0	0	1000	0
288	24.073	-64.001	0	0	1000	0
289	47.59	5.152	0	0	1000	0
290	-71.782	87.985	0	0	1000	0
291	27.538	75.092	0	0	1000	0
292	77.355	-49.666	0	0	1000	0
293	-18.538	-31.422	0	0	1000	0
294	81.339	20.193	0	0	1000	0
295	96.569	-89.661	0	0	1000	0
296	47.488	93.359	0	0	1000	0
297	38.449	57.392	0	0	1000	0
298	20.392	-68.251	0	0	1000	0
299	-67.946	-71.557	0	0	1000	0
300	2.259	-18.005	0	0	1000	0
301	-65.473	-14.524	0	0	1000	0
302	-51.93	8.039	0	0	1000	0
303	98.226	60.93	0	0	1000	0
304	-42.134	-98.054	0	0	1000	0
305	-66.033	-98.279	0	0	1000	0
306	-97.981	-54.479	0	0	1000	0
307	13.424	-13.017	0	0	1000	0
308	89.077	41.159	0	0	1000	0
309	28.376	-8.113	0	0	1000	0
310	30.317	-37.06	0	0	1000	0
311	-2.157	16.737	0	0	1000	0
312	46.567	-68.07	0	0	1000	0
313	-1.103	90.854	0	0	1000	0
314	-81.82	82.599	0	0	1000	0
315	91.497	-73.608	0	0	1000	0
316	-12.494	86.904	0	0	1000	0
317	22.224	-38.314	0	0	1000	0
318	98.879	-31.951	0	0	1000	0
319	99.999	72.207	0	0	1000	0
320	-79.637	-5.862	0	0	1000	0
321	-96.843	-66.08	0	0	1000	0
322	-41.267	-70.4	0	0	1000	0
323	33.014	40.751	0	0	1000	0
324	-10.584	-29.071	0	0	1000	0
325	-24.316	0.891	0	0	1000	0
326	29.977	41.758	0	0	1000	0
327	-2.848	-50.982	0	0	1000	0
328	65.773	-86.846	0	0	1000	0
329	-16.317	-56.905	0	0	1000	0
330	-57.073	-98.436	0	0	1000	0
331	-56.491	16.876	0	0	1000	0
332	15.396	-76.032	0	0	1000	0
333	-75.088	58.256	0	0	1000	0
334	96.44	62.174	0	0	1000	0
335	-93.38	-43.192	0	0	1000	0
336	64.436	-80.935	0	0	1000	0
337	-69.521	23.805	0	0	1000	0
338	55.01	-25.54	0	0	1000	0
339	-80.711	90.076	0	0	1000	0
340	56.009	-49.712	0	0	1000	0
341	-57.092	-74.976	0	0	1000	0
342	53.202	-39.537	0	0	1000	0
343	81.739	-0.326	0	0	1000	0
344	32.83	55.316	0	0	1000	0
345	-48.318	54.429	0	0	1000	0
346	23.36	-73.911	0	0	1000	0
347	-11.524	68.173	0	0	1000	0
348	-68.352	58.624	0	0	1000	0
349	73.554	-97.904	0	0	1000	0
350	30.068	82.049	0	0	1000	0
351	93.083	-68.397	0	0	1000	0
352	75.257	-1.506	0	0	1000	0
353	80.638	-17.836	0	0	1000	0
354	-13.335	73.973	0	0	1000	0
355	-86.641	3.882	0	0	1000	0
356	-80.13	17.609	0	0	1000	0
357	-17.242	78.547	0	0	1000	0
358	12.901	-81.505	0	0	1000	0
359	19.444	-81.554	0	0	1000	0
360	-36.384	-47.398	0	0	1000	0
361	21.083	-55.008	0	0	1000	0
362	-83.82	-33.208	0	0	1000	0
363	-68.502	-2.507	0	0	1000	0
364	27.436	-16.36	0	0	1000	0
365	48.742	-54.756	0	0	1000	0
366	-45.101	-49.633	0	0	1000	0
367	-58.762	77.193	0	0	1000	0
368	-59.256	74.247	0	0	1000	0
369	75.09	73.656	0	0	1000	0
370	41.057	-21.892	0	0	1000	0
371	-50.267	-11.789	0	0	1000	0
372	21.525	-16.962	0	0	1000	0
373	-19.547	-83.289	0	0	1000	0
374	-20.39	67.037	0	0	1000	0
375	54.979	-43.275	0	0	1000	0
376	-89.756	-29.358	0	0	1000	0
377	-30.428	-4.238	0	0	1000	0
378	-72.361	-57.893	0	0	1000	0
379	58.701	-88.691	0	0	1000	0
380	47.152	49.394	0	0	1000	0
381	98.749	1.442	0	0	1000	0
382	70.369	-6.789	0	0	1000	0
383	20.56	-81.837	0	0	1000	0
384	80.783	57.841	0	0	1000	0
385	76.182	-61.91	0	0	1000	0
386	17.836	0.556	0	0	1000	0
387	90.639	-61.624	0	0	1000	0
388	58.777	-98.35	0	0	1000	0
389	-18.378	87.995	0	0	1000	0
390	80.328	-82.823	0	0	1000	0
391	22.901	43.5	0	0	1000	0
392	99.979	-7.659	0	0	1000	0
393	-74.178	-85.31	0	0	1000	0
394	31.687	-99.301	0	0	1000	0
395	17.78	-9.558	0	0	1000	0
396	19.072	-3.536	0	0	1000	0
397	9.99	-31.742	0	0	1000	0
398	93.929	-69.25	0	0	1000	0
399	-49.561	2.1	0	0	1000	0
400	84.991	97.266	0	0	1000	0
401	-35.136	60.366	0	0	1000	0
402	27.386	75.726	0	0	1000	0
403	-95.895	51.401	0	0	1000	0
404	90.088	83.059	0	0	1000	0
405	-16.536	50.318	0	0	1000	0
406	91.728	67.298	0	0	1000	0
407	-5.567	29.476	0	0	1000	0
408	24.247	-56.177	0	0	1000	0
409	-15.787	-73.613	0	0	1000	0
410	-5.743	49.143	0	0	1000	0
411	47.026	37.508	0	0	1000	0
412	19.365	55.565	0	0	1000	0
413	76.434	-37.53	0	0	1000	0
414	36.658	-41.782	0	0	1000	0
415	-16.68	46.01	0	0	1000	0
416	-72.614	-67.887	0	0	1000	0
417	11.499	-71.875	0	0	1000	0
418	73.78	30.537	0	0	1000	0
419	-23.986	94.995	0	0	1000	0
420	-62.937	-59.284	0	0	1000	0
421	70.046	83.677	0	0	1000	0
422	-16.85	-31.282	0	0	1000	0
423	-70.533	-21.775	0	0	1000	0
424	2.381	-18.432	0	0	1000	0
425	-73.39	29.962	0	0	1000	0
426	-77.693	-30.34	0	0	1000	0
427	-45.148	52.866	0	0	1000	0
428	-56.395	-38.303	0	0	1000	0
429	-85.233	-65.405	0	0	1000	0
430	-92.251	-45.922	0	0	1000	0
431	-68.654	20.708	0	0	1000	0
432	70.65	-16.407	0	0	1000	0
433	24.89	-88.039	0	0	1000	0
434	-42.952	11.889	0	0	1000	0
435	35.038	-87.778	0	0	1000	0
436	39.942	44.533	0	0	1000	0
437	89.745	77.683	0	0	1000	0
438	63.434	-99.186	0	0	1000	0
439	-56.83	70.024	0	0	1000	0
440	86.146	48.44	0	0	1000	0
441	-26.305	-10.537	0	0	1000	0
442	84.629	5.848	0	0	1000	0
443	22.976	-82.654	0	0	1000	0
444	16.025	-27.843	0	0	1000	0
445	40.983	50.121	0	0	1000	0
446	-28.342	70.688	0	0	1000	0
447	-17.198	-37.749	0	0	1000	0
448	18.649	68.157	0	0	1000	0
449	-31.679	-77.422	0	0	1000	0
450	-92.03	71.045	0	0	1000	0
451	99.764	-19.769	0	0	1000	0
452	83.744	-92.568	0	0	1000	0
453	65.257	21.403	0	0	1000	0
454	-29.359	-96.173	0	0	1000	0
455	66.628	-57.768	0	0	1000	0
456	99.35	76.019	0	0	1000	0
457	-85.268	-25.947	0	0	1000	0
458	-24.85	-63.408	0	0	1000	0
459	-88.721	28.66	0	0	1000	0
460	-39.57	-27.557	0	0	1000	0
461	33.1	-15.522	0	0	1000	0
462	-37.825	82.636	0	0	1000	0
463	-81.576	-99.622	0	0	1000	0
464	16.583	-96.408	0	0	1000	0
465	-31.746	75.591	0	0	1000	0
466	61.911	-97.661	0	0	1000	0
467	57.673	78.338	0	0	1000	0
468	-74.773	64.916	0	0	1000	0
469	-56.712	-97.571	0	0	1000	0
470	8.848	-41.943	0	0	1000	0
471	56.179	-93.925	0	0	1000	0
472	68.735	70.118	0	0	1000	0
473	-5.465	-42.382	0	0	1000	0
474	-3.662	-44.745	0	0	1000	0
475	-81.811	-70.17	0	0	1000	0
476	-13.655	43.628	0	0	1000	0
477	85.186	55.957	0	0	1000	0
478	27.923	20.394	0	0	1000	0
479	81.843	97.48	0	0	1000	0
END_SECTION
CLIENT_COUNT_SECTION
480
END_SECTION
CLIENT_SECTION
0	64.827	48.437	2	295	627	13
1	-84.37	74.398	18	157	379	19
2	-66.256	-28.344	2	290	503	5
3	-9.72	-50.075	1	233	501	24
4	47.21	79.59	3	165	488	24
5	90.516	-8.751	7	177	514	2
6	-88.916	61.698	11	93	398	13
7	44.061	-63.955	10	157	419	8
8	57.645	75.778	3	145	361	16
9	42.872	-86.788	14	300	541	3
10	-64.039	-81.831	14	81	395	24
11	-70.301	58.036	4	290	605	8
12	-83.783	19.863	21	108	380	8
13	8.029	-63.5	3	299	615	13
14	28.453	96.287	9	297	502	13
15	91.668	46.465	25	251	592	22
16	22.994	94.992	23	78	261	15
17	85.196	-47.202	3	287	485	3
18	-98.603	70.484	21	181	517	6
19	-75.686	-60.478	17	149	358	16
20	-28.484	28.584	4	294	602	7
21	35.214	84.535	6	226	513	7
22	-36.842	-76.44	18	131	460	20
23	33.714	29.507	24	264	548	20
24	24.497	98.978	24	210	489	17
25	-20.261	72.157	15	64	377	4
26	-29.609	-52.145	4	162	346	13
27	-72.259	-82.192	11	119	437	3
28	-4.227	-34.223	3	212	444	15
29	50.295	12.413	19	95	385	14
30	2.848	65.409	20	191	468	2
31	82.021	-49.305	12	242	539	23
32	30.448	-89.514	17	131	366	18
33	89.201	79.734	19	230	455	13
34	-77.014	-3.068	11	258	574	8
35	0.108	52.122	22	60	267	12
36	-85.398	-92.319	10	192	535	21
37	93.831	-22	7	195	447	6
38	25.935	57.728	25	60	310	23
39	21.778	-91.824	15	164	493	23
40	-61.507	-17.173	14	243	565	18
41	79.157	98.536	24	150	482	21
42	68.099	80.134	12	242	542	19
43	2.415	-81.105	22	138	482	23
44	-73.574	-96.412	9	279	623	17
45	0.104	19.351	20	241	558	16
46	80.734	-95.833	22	187	484	1
47	-73.218	32.024	3	145	406	5
48	-16.995	-59.011	11	284	472	23
49	-32.162	-18.038	6	92	423	25
50	98.511	-51.674	8	189	493	15
51	63.144	-20.996	12	286	524	8
52	-90.828	24.641	12	297	509	23
53	44.433	-83.013	17	179	391	7
54	-38.906	-49.351	15	213	481	13
55	74.641	-64.821	17	78	367	3
56	-45.386	-5.479	20	224	508	11
57	-95.288	56.837	3	162	439	1
58	-31.709	51.49	4	227	409	5
59	-15.708	78.986	17	114	463	12
60	75.443	49.127	3	116	303	8
61	81.288	-18.273	2	283	638	11
62	-69.627	0.272	20	160	508	25
63	67.177	92.088	22	67	259	13
64	-60.709	92.321	20	241	553	1
65	88.741	87.652	1	144	428	14
66	24.811	12.393	20	159	396	20
67	-32.482	94.671	19	255	575	1
68	49.724	-73.793	18	264	515	13
69	-79.252	77.979	24	243	447	7
70	-25.619	-50.435	17	72	349	24
71	-65.31	-88.727	16	288	480	25
72	-34.149	-80.669	13	104	370	13
73	-11.176	-40.123	7	76	336	18
74	-27.17	18.178	8	72	375	24
75	67.31	-33.767	14	200	460	22
76	23.296	-0.83	21	147	408	16
77	98.23	-19.749	19	261	555	23
78	-79.177	71.51	18	254	561	2
79	58.633	-93.487	14	235	455	16
80	-35	-63.27	2	125	354	7
81	-98.016	-62.462	12	228	419	15
82	15.446	33.705	17	269	522	8
83	51.617	-97.518	21	87	354	9
84	35.933	-52.075	16	235	498	11
85	-87.164	-77.523	11	195	496	4
86	-16.032	-66.109	3	265	622	18
87	-79.876	29.145	4	284	507	5
88	93.603	-43.613	6	153	464	8
89	-90.271	-13.693	10	192	552	15
90	-73.128	-29.092	22	147	500	11
91	71.47	-59.931	1	277	517	24
92	-78.403	63.509	23	237	447	10
93	10.111	89.689	1	243	484	24
94	-69.51	25.765	23	290	617	16
95	22.876	87.684	10	168	367	18
96	-75.983	69.62	9	209	518	21
97	-67.496	60.187	20	114	445	20
98	54.58	-23.442	10	217	406	6
99	64.04	40.372	12	103	346	17
100	39.747	-75.122	5	60	284	17
101	60.102	73.83	13	130	356	7
102	-35.405	-74.374	12	139	386	17
103	-86.312	19.354	14	70	254	11
104	43.65	45.843	11	219	458	9
105	-86.302	50.717	23	85	386	20
106	56.127	-73.54	23	253	605	5
107	-16.217	40.044	23	269	559	15
108	-1.627	-19.089	25	114	341	25
109	-66.241	-16.981	19	212	437	6
110	15.388	-18.664	24	80	293	18
111	98.83	12.826	20	291	510	3
112	-86.609	-67.235	2	137	358	13
113	96.522	39.2	19	82	367	13
114	-25.442	28.908	4	101	294	6
115	59.045	14.41	22	200	444	13
116	20.187	8.477	5	296	609	20
117	41.522	-60.378	11	62	391	8
118	-44.982	17.064	22	177	463	23
119	-61.959	-18.511	4	183	399	14
120	-96.243	-52.375	4	87	364	9
121	-73.928	-23.535	6	165	366	5
122	-7.707	83.435	7	71	366	19
123	-82.678	-60.326	9	216	457	15
124	-11.108	-51.889	21	216	406	1
125	91.11	-56.856	8	253	547	10
126	-55.893	49.933	3	131	387	18
127	-33.956	97.014	9	119	396	11
128	-68.928	65.406	24	280	584	14
129	69.251	-43.499	23	291	590	9
130	-57.071	60.211	21	179	467	5
131	58.75	37.168	16	267	509	7
132	60.986	-11.834	25	251	535	19
133	98.324	-4.812	20	223	541	19
134	-88.471	-55.227	12	222	497	2
135	50.535	-47.345	24	136	387	24
136	70.096	-69.543	5	260	553	1
137	55.307	-29.019	3	186	487	22
138	-83.032	-2.71	6	139	380	14
139	33.297	-43.454	4	139	448	14
140	95.664	88.091	11	250	457	2
141	68.674	-77.274	19	92	341	20
142	0.922	-84.757	16	61	408	9
143	60.551	50.528	14	194	379	14
144	-60.495	37.707	22	211	409	3
145	69.48	-95.286	10	98	379	12
146	-67.899	-59.416	1	276	508	7
147	-24.9	37.655	17	65	317	2
148	7.826	13.186	4	171	417	23
149	31.324	73.022	3	237	483	24
150	-53.257	-18.092	13	108	449	12
151	-17.022	75.747	2	149	432	22
152	79.407	-84.96	20	191	450	5
153	94.813	97.655	22	182	427	17
154	96.682	1.963	11	82	283	13
155	-76.171	-58.494	17	138	458	18
156	-66.756	57.07	3	281	627	25
157	4.03	-19.787	4	256	466	19
158	-11.739	61.143	21	76	315	13
159	37.836	0.765	17	73	371	19
160	2.411	22.652	2	252	481	15
161	-7.596	-49.373	22	71	352	7
162	-10.671	82.417	13	168	453	17
163	58.201	-44.852	3	183	381	2
164	42.793	-96.489	19	274	565	14
165	13.865	77.578	18	258	536	5
166	-72.179	-65.714	11	294	635	23
167	72.855	-53.707	12	140	351	10
168	98.408	-15.875	10	185	458	6
169	-36.597	-98.22	9	102	375	24
170	-46.693	-89.776	5	264	542	4
171	-63.757	-81.043	7	243	438	4
172	-25.912	-12.5	15	262	529	16
173	30.763	85.553	10	207	437	7
174	72.158	-49.126	12	265	611	13
175	-29.117	-16.781	7	292	606	22
176	72.313	-39.146	4	79	431	4
177	-43.582	-67.551	2	219	508	16
178	58.063	77.759	5	130	348	17
179	-72.464	-38.558	21	244	503	6
180	-31.196	28.793	6	299	571	22
181	-12.118	-51.802	10	265	465	1
182	34.864	19.754	19	298	652	3
183	20.45	5.154	8	220	572	13
184	3.889	49.076	22	235	449	14
185	-28.364	-67.541	2	174	484	13
186	95.34	-76.329	13	155	360	22
187	-20.064	88.549	8	171	388	24
188	17.576	-32.944	23	263	508	3
189	14.496	67.156	11	103	355	1
190	80.127	74.817	11	188	539	10
191	97.469	-94.906	22	177	512	23
192	-25.627	69.783	5	231	509	15
193	-28.401	-99.324	23	296	637	5
194	50.075	30.104	1	240	584	24
195	-71.62	2.646	19	123	372	15
196	12.915	-98.794	22	64	307	11
197	-62.685	-8.744	13	209	464	13
198	56.589	-70.657	11	127	468	11
199	-31.331	-31.421	4	209	500	15
200	-43.98	90.593	5	297	488	22
201	26.527	-69.661	13	108	440	14
202	-69.424	52.137	3	134	351	9
203	-54.424	-13.872	4	236	459	17
204	15.812	-80.864	21	268	533	1
205	-83.857	-49.906	4	88	278	22
206	40.424	-79.066	9	84	282	21
207	-67.86	44.448	23	275	563	21
208	59.269	38.066	15	91	370	4
209	1.701	-67.918	24	93	377	9
210	44.975	87.472	17	86	343	9
211	57.629	35.435	11	163	503	21
212	-99.949	78.102	2	149	338	19
213	99.913	86.062	15	158	414	19
214	-70.393	-12.736	8	150	503	3
215	24.002	-38.426	21	162	467	7
216	-53.887	-49.366	22	162	473	11
217	95.928	10.482	13	214	510	14
218	-31.829	4.337	13	294	602	6
219	47.684	62.209	24	196	409	25
220	-66.668	-37.401	10	132	484	7
221	17.807	-31.234	18	115	374	17
222	-36.21	75.098	1	195	381	5
223	66.718	-40.335	2	126	393	5
224	90.712	-46.793	5	298	554	17
225	-77.661	49.278	12	68	347	18
226	-52.729	77.002	23	297	540	10
227	44.581	-35.831	13	176	517	23
228	7.491	-10.169	17	118	476	6
229	6.785	11.324	20	95	285	1
230	-33.471	98.485	23	198	495	9
231	-16.528	-52.459	1	112	332	17
232	-2.616	-45.108	22	210	446	14
233	-66.897	15.295	22	119	421	6
234	76.404	-30.405	20	67	267	22
235	-60.986	-67.986	4	129	375	3
236	-24.011	-86.817	14	227	503	1
237	98.059	16.247	10	211	451	21
238	1.365	-57.99	16	158	422	12
239	68.587	-78.809	5	237	523	23
240	-9.815	-86.391	14	194	551	19
241	49.922	13.192	25	248	474	16
242	-4.258	-91.165	7	76	429	8
243	89.349	-18.252	25	211	539	9
244	-17.556	5.642	2	228	509	5
245	-98.375	-67.752	21	278	601	2
246	11.423	-85.39	10	231	554	18
247	-72.785	-68.14	15	168	407	25
248	62.956	43.244	14	99	378	22
249	5.312	56.552	7	299	549	7
250	-65.52	-53.04	19	282	564	9
251	37.815	60.251	11	250	581	1
252	-82.718	34.769	2	260	471	17
253	36.114	56.615	3	284	488	16
254	-60.954	80.289	14	70	407	20
255	-68.729	-63.871	8	286	624	11
256	-66.485	89.372	19	169	434	18
257	66.3	-12.99	24	222	503	4
258	6.653	-0.248	11	73	263	3
259	-65.418	-44.258	2	183	513	21
260	95.816	-81.241	1	63	244	8
261	67.027	-89.674	8	168	469	20
262	90.179	-91.676	25	93	282	23
263	-42.445	-73.38	17	139	431	9
264	-14.05	-25.887	23	67	290	22
265	88.949	-76.044	13	65	417	8
266	5.292	65.403	20	160	375	19
267	-48.889	-14.491	22	167	435	19
268	11.053	27.916	6	210	431	17
269	-96.85	30.821	8	148	469	6
270	55.022	45.616	19	150	504	6
271	-10.164	79.954	25	194	493	14
272	-34.025	-80.909	16	165	448	20
273	-53.896	-61.495	17	86	441	21
274	97.163	-8.185	25	156	382	1
275	-48.036	91.835	3	272	478	15
276	70.116	-52.159	25	249	562	23
277	-37.542	97.917	13	209	556	2
278	-95.944	33.86	13	62	378	22
279	-85.897	-28.893	2	298	530	8
280	-7.206	-37.81	5	139	352	19
281	-87.997	-91.274	17	82	362	23
282	63.089	3.389	1	259	460	3
283	64.586	-56.96	10	248	515	13
284	88.486	69.748	8	260	605	10
285	-4.157	80.282	16	296	492	18
286	-66.415	-98.36	16	217	534	14
287	47.768	-92.319	19	266	455	1
288	24.073	-64.001	2	283	624	25
289	47.59	5.152	12	151	410	9
290	-71.782	87.985	8	263	497	13
291	27.538	75.092	13	257	455	23
292	77.355	-49.666	7	251	510	13
293	-18.538	-31.422	5	109	400	5
294	81.339	20.193	7	213	459	9
295	96.569	-89.661	1	119	344	12
296	47.488	93.359	13	123	315	16
297	38.449	57.392	12	279	577	14
298	20.392	-68.251	24	266	475	2
299	-67.946	-71.557	4	74	293	24
300	2.259	-18.005	21	116	315	20
301	-65.473	-14.524	10	253	585	6
302	-51.93	8.039	22	287	545	9
303	98.226	60.93	16	138	432	10
304	-42.134	-98.054	20	289	488	19
305	-66.033	-98.279	12	288	472	24
306	-97.981	-54.479	10	300	555	23
307	13.424	-13.017	25	294	518	4
308	89.077	41.159	22	202	551	1
309	28.376	-8.113	3	240	429	4
310	30.317	-37.06	22	162	400	1
311	-2.157	16.737	21	300	534	14
312	46.567	-68.07	12	121	419	24
313	-1.103	90.854	1	196	477	19
314	-81.82	82.599	4	230	488	12
315	91.497	-73.608	14	274	634	1
316	-12.494	86.904	5	63	287	7
317	22.224	-38.314	19	98	408	4
318	98.879	-31.951	9	271	528	24
319	99.999	72.207	13	123	342	14
320	-79.637	-5.862	23	69	303	9
321	-96.843	-66.08	24	162	468	5
322	-41.267	-70.4	11	158	360	17
323	33.014	40.751	6	300	647	11
324	-10.584	-29.071	16	110	432	11
325	-24.316	0.891	5	197	477	9
326	29.977	41.758	15	222	553	6
327	-2.848	-50.982	11	254	586	24
328	65.773	-86.846	8	191	465	20
329	-16.317	-56.905	9	118	299	4
330	-57.073	-98.436	22	113	463	5
331	-56.491	16.876	18	273	489	3
332	15.396	-76.032	1	93	292	12
333	-75.088	58.256	9	99	434	13
334	96.44	62.174	8	65	386	3
335	-93.38	-43.192	24	134	365	13
336	64.436	-80.935	15	291	603	1
337	-69.521	23.805	1	284	514	3
338	55.01	-25.54	24	142	325	5
339	-80.711	90.076	11	117	408	7
340	56.009	-49.712	23	282	576	21
341	-57.092	-74.976	6	261	521	17
342	53.202	-39.537	17	267	607	21
343	81.739	-0.326	13	111	352	7
344	32.83	55.316	24	98	288	24
345	-48.318	54.429	21	268	620	20
346	23.36	-73.911	23	189	423	17
347	-11.524	68.173	24	277	573	18
348	-68.352	58.624	3	81	437	3
349	73.554	-97.904	1	128	392	9
350	30.068	82.049	22	238	436	11
351	93.083	-68.397	23	141	478	22
352	75.257	-1.506	18	111	468	8
353	80.638	-17.836	21	203	513	7
354	-13.335	73.973	6	159	360	20
355	-86.641	3.882	2	195	420	8
356	-80.13	17.609	5	181	375	17
357	-17.242	78.547	18	283	636	6
358	12.901	-81.505	4	176	500	19
359	19.444	-81.554	14	222	531	5
360	-36.384	-47.398	7	245	470	4
361	21.083	-55.008	2	219	528	22
362	-83.82	-33.208	17	87	324	2
363	-68.502	-2.507	12	123	450	20
364	27.436	-16.36	22	150	362	4
365	48.742	-54.756	11	135	338	3
366	-45.101	-49.633	9	180	373	23
367	-58.762	77.193	3	133	476	25
368	-59.256	74.247	3	248	561	19
369	75.09	73.656	21	87	374	15
370	41.057	-21.892	17	118	450	23
371	-50.267	-11.789	24	118	368	2
372	21.525	-16.962	10	160	348	14
373	-19.547	-83.289	16	134	490	8
374	-20.39	67.037	18	125	472	25
375	54.979	-43.275	2	239	501	2
376	-89.756	-29.358	15	135	326	23
377	-30.428	-4.238	11	88	387	12
378	-72.361	-57.893	9	73	355	19
379	58.701	-88.691	17	228	485	4
380	47.152	49.394	21	291	518	20
381	98.749	1.442	17	194	444	19
382	70.369	-6.789	8	278	464	10
383	20.56	-81.837	25	283	585	11
384	80.783	57.841	22	197	407	8
385	76.182	-61.91	2	154	415	19
386	17.836	0.556	23	188	447	6
387	90.639	-61.624	1	208	405	1
388	58.777	-98.35	24	99	359	7
389	-18.378	87.995	14	206	409	11
390	80.328	-82.823	23	258	592	12
391	22.901	43.5	6	259	531	7
392	99.979	-7.659	8	191	398	10
393	-74.178	-85.31	19	251	491	3
394	31.687	-99.301	8	293	644	3
395	17.78	-9.558	1	181	527	17
396	19.072	-3.536	4	246	453	12
397	9.99	-31.742	13	84	356	7
398	93.929	-69.25	13	95	305	18
399	-49.561	2.1	20	99	375	17
400	84.991	97.266	9	300	543	14
401	-35.136	60.366	14	62	326	6
402	27.386	75.726	7	196	423	23
403	-95.895	51.401	11	250	483	2
404	90.088	83.059	15	132	364	15
405	-16.536	50.318	16	207	508	23
406	91.728	67.298	11	275	620	24
407	-5.567	29.476	14	142	433	4
408	24.247	-56.177	12	204	476	24
409	-15.787	-73.613	4	294	625	18
410	-5.743	49.143	11	84	429	10
411	47.026	37.508	19	237	558	7
412	19.365	55.565	8	157	412	11
413	76.434	-37.53	7	143	467	9
414	36.658	-41.782	19	118	470	22
415	-16.68	46.01	9	109	394	23
416	-72.614	-67.887	24	164	404	3
417	11.499	-71.875	20	252	531	2
418	73.78	30.537	6	294	624	1
419	-23.986	94.995	1	226	424	2
420	-62.937	-59.284	10	145	485	10
421	70.046	83.677	15	80	428	23
422	-16.85	-31.282	2	131	481	21
423	-70.533	-21.775	23	156	499	6
424	2.381	-18.432	2	110	443	9
425	-73.39	29.962	9	150	422	12
426	-77.693	-30.34	6	158	423	17
427	-45.148	52.866	3	90	433	6
428	-56.395	-38.303	17	267	623	24
429	-85.233	-65.405	8	62	270	18
430	-92.251	-45.922	13	138	337	21
431	-68.654	20.708	22	134	383	18
432	70.65	-16.407	2	116	387	9
433	24.89	-88.039	9	267	530	2
434	-42.952	11.889	5	89	391	19
435	35.038	-87.778	20	81	339	17
436	39.942	44.533	18	101	350	8
437	89.745	77.683	4	290	587	6
438	63.434	-99.186	5	204	547	13
439	-56.83	70.024	19	158	390	6
440	86.146	48.44	2	281	486	18
441	-26.305	-10.537	18	273	601	8
442	84.629	5.848	21	101	353	8
443	22.976	-82.654	18	254	532	12
444	16.025	-27.843	2	151	437	22
445	40.983	50.121	20	275	592	2
446	-28.342	70.688	13	257	469	22
447	-17.198	-37.749	13	64	363	18
448	18.649	68.157	14	109	441	4
449	-31.679	-77.422	23	205	518	18
450	-92.03	71.045	25	103	347	18
451	99.764	-19.769	25	196	435	4
452	83.744	-92.568	20	212	501	1
453	65.257	21.403	15	130	438	14
454	-29.359	-96.173	4	285	536	13
455	66.628	-57.768	17	72	321	19
456	99.35	76.019	5	221	507	14
457	-85.268	-25.947	4	76	329	21
458	-24.85	-63.408	20	235	517	22
459	-88.721	28.66	11	259	500	13
460	-39.57	-27.557	5	63	334	5
461	33.1	-15.522	2	220	483	5
462	-37.825	82.636	3	67	375	19
463	-81.576	-99.622	15	219	559	24
464	16.583	-96.408	22	109	386	22
465	-31.746	75.591	2	188	544	15
466	61.911	-97.661	7	224	525	9
467	57.673	78.338	2	180	466	4
468	-74.773	64.916	22	202	506	17
469	-56.712	-97.571	15	210	551	10
470	8.848	-41.943	22	104	367	4
471	56.179	-93.925	14	140	360	8
472	68.735	70.118	25	195	454	3
473	-5.465	-42.382	7	106	335	2
474	-3.662	-44.745	10	189	371	10
475	-81.811	-70.17	24	192	422	23
476	-13.655	43.628	20	120	412	23
477	85.186	55.957	2	152	478	13
478	27.923	20.394	21	295	484	18
479	81.843	97.48	15	138	469	24
END_SECTION
VEHICLE_BATTERY_SECTION
0
END_SECTION
VEHICLE_CAPACITY_SECTION
195
END_SECTION
BATTERY_CONSUM_RATE_SECTION
1
END_SECTION
INVERSE_REFUELING_RATE_SECTION
0.38
END_SECTION
AVERAGE_VELOCITY_SECTION
1
END_SECTION
END_FILE
