NODE_COUNT_SECTION
123
END_SECTION
DEP_COUNT_SECTION
4
END_SECTION
DEP_SECTION
0	6.229	10.59	0	0	1000	0
1	32.663	44.73	0	0	1000	0
2	48.807	48.792	0	0	1000	0
3	33.179	-4.968	0	0	1000	0
END_SECTION
RECHARGING_STATION_COUNT_SECTION
23
END_SECTION
RECHARGING_STATION_SECTION
0	-2.278	19.986	0	0	1000	0
1	29.396	35.048	0	0	1000	0
2	21.31	19.314	0	0	1000	0
3	87.631	6.301	0	0	1000	0
4	72.176	-40.143	0	0	1000	0
5	57.85	6.707	0	0	1000	0
6	83.012	56.779	0	0	1000	0
7	34.412	-2.648	0	0	1000	0
8	55.844	57.432	0	0	1000	0
9	-27.266	13.053	0	0	1000	0
10	-19.864	90.082	0	0	1000	0
11	62.792	86.934	0	0	1000	0
12	-62.047	-20.002	0	0	1000	0
13	-38.805	43.764	0	0	1000	0
14	42.086	73.312	0	0	1000	0
15	61.509	40.484	0	0	1000	0
16	40.096	-24.869	0	0	1000	0
17	46.179	35.937	0	0	1000	0
18	-4.065	-48.959	0	0	1000	0
19	52.801	69.456	0	0	1000	0
20	-0.687	-12.631	0	0	1000	0
21	0.88	31.966	0	0	1000	0
22	11.194	-2.633	0	0	1000	0
END_SECTION
CLIENT_COUNT_SECTION
96
END_SECTION
CLIENT_SECTION
0	33.588	30.75	4	157	417	12
1	48.828	65.314	12	190	405	1
2	86.176	59.344	3	223	555	1
3	39.27	-33.057	15	113	306	15
4	-23.37	86.853	13	296	481	10
5	48.132	95.593	20	72	368	12
6	-16.357	93.311	21	157	457	15
7	-57.703	-65.601	4	279	560	16
8	7.147	32.684	25	216	429	18
9	42.95	68.701	21	232	544	9
10	37.085	-2.112	7	282	626	5
11	77.759	55.817	3	219	569	19
12	-17.462	-56.567	9	67	423	11
13	58.575	59.888	5	129	430	12
14	57.776	15.344	20	218	456	13
15	-22.327	36.072	21	299	575	8
16	-7.08	30.493	19	144	340	14
17	55.658	60.425	2	127	329	9
18	-14.307	11.456	16	66	412	2
19	-29.724	24.268	18	149	444	25
20	43.219	0.739	24	222	445	6
21	45.184	35.474	24	187	386	16
22	64.484	2.24	8	77	280	18
23	55.078	72.241	16	225	514	4
24	16.925	15.741	19	299	649	17
25	45.038	-3.723	12	219	442	4
26	-76.782	5.939	9	64	278	22
27	36.169	0.256	3	221	455	12
28	29.218	8.936	15	102	414	13
29	65.057	5.225	4	146	397	5
30	42.175	-22.284	24	216	410	24
31	25.574	31.726	22	79	424	12
32	31.561	37.262	14	254	550	16
33	66.498	-54.169	11	198	504	8
34	46.576	-17.938	20	207	517	10
35	65.063	40.875	5	269	480	15
36	-2.716	24.768	11	282	496	21
37	-40.002	3.87	12	196	541	5
38	-73.505	57.043	7	190	475	9
39	81.146	-25.714	1	101	442	5
40	12.006	-7.965	23	201	490	9
41	42.761	38.092	13	264	486	20
42	3.857	-23.181	4	84	383	14
43	-7.367	24.39	23	95	446	24
44	35.944	-11.835	17	145	423	23
45	52.075	9.692	13	61	305	12
46	30.725	30.701	9	271	601	13
47	41.223	77.924	10	243	530	19
48	68.884	-40.546	22	207	407	21
49	76.312	86.67	21	144	336	5
50	63.934	78.54	13	104	392	9
51	29.15	-9.961	25	155	364	23
52	85.522	39.954	8	252	484	8
53	31.775	3.87	20	180	373	5
54	-20.544	19.086	3	222	434	8
55	55.353	43.817	4	138	339	10
56	35.406	10.278	13	179	487	9
57	25.464	-0.287	18	254	487	21
58	12.396	0.244	1	275	633	12
59	18.359	20.917	10	89	367	8
60	27.96	-15.039	16	150	485	4
61	-3.192	19.879	9	224	490	14
62	9.332	-41.351	13	224	496	19
63	-20.581	38.177	23	270	619	23
64	27.82	28.729	14	76	361	4
65	59.027	42.31	5	238	460	9
66	56.311	58.734	1	166	437	1
67	-51.654	-0.342	6	137	393	21
68	2.576	32.721	20	264	448	20
69	15.131	-3.046	10	276	530	24
70	66.595	34.937	19	129	422	22
71	19.476	20.142	24	262	498	25
72	-1.172	20.648	3	121	464	19
73	-21.204	13.66	5	129	460	14
74	98.846	1.257	13	82	337	11
75	82.593	72.003	5	141	335	22
76	30.017	-30.896	4	185	405	25
77	33.228	41.663	12	75	347	5
78	39.49	-8.539	11	149	442	10
79	54.498	70.813	20	290	586	4
80	3.058	10.248	13	287	512	4
81	51.831	-16.87	1	85	273	6
82	76.416	11.346	3	74	431	22
83	5.243	0.238	2	240	443	17
84	50.592	34.247	23	82	439	22
85	-5.231	-2.081	8	192	481	3
86	24.194	25.836	25	103	330	25
87	33.63	37.585	18	90	425	22
88	31.445	-7.001	4	270	617	23
89	30.707	-28.168	5	118	324	16
90	49.86	1.038	21	144	467	13
91	-35.767	14.142	23	120	461	23
92	-29.309	4.889	19	189	417	1
93	19.049	41.974	2	71	262	11
94	27.6	13.934	21	111	347	19
95	52.832	50.684	10	128	448	21
END_SECTION
VEHICLE_BATTERY_SECTION
0
END_SECTION
VEHICLE_CAPACITY_SECTION
195
END_SECTION
BATTERY_CONSUM_RATE_SECTION
1
END_SECTION
INVERSE_REFUELING_RATE_SECTION
0.38
END_SECTION
AVERAGE_VELOCITY_SECTION
1
END_SECTION
END_FILE
