NODE_COUNT_SECTION
183
END_SECTION
DEP_COUNT_SECTION
4
END_SECTION
DEP_SECTION
0	-40.082	-24.78	0	0	1000	0
1	24.292	-27.704	0	0	1000	0
2	-45.877	41.092	0	0	1000	0
3	-11.896	15.875	0	0	1000	0
END_SECTION
RECHARGING_STATION_COUNT_SECTION
35
END_SECTION
RECHARGING_STATION_SECTION
0	2.751	10.283	0	0	1000	0
1	-43.952	-40.676	0	0	1000	0
2	17.997	25.783	0	0	1000	0
3	37.746	15.226	0	0	1000	0
4	56.124	-61.965	0	0	1000	0
5	87.349	-67.308	0	0	1000	0
6	52.429	52.752	0	0	1000	0
7	28.883	-21.448	0	0	1000	0
8	-9.148	68.176	0	0	1000	0
9	-69.588	28.947	0	0	1000	0
10	-78.658	86.013	0	0	1000	0
11	36.562	-45.769	0	0	1000	0
12	-88.723	3.378	0	0	1000	0
13	-89.94	-38.776	0	0	1000	0
14	-2.86	-74.309	0	0	1000	0
15	-45.403	69.647	0	0	1000	0
16	17.952	-39.818	0	0	1000	0
17	-38.001	-56.815	0	0	1000	0
18	-38.221	-15.829	0	0	1000	0
19	-43.183	49.589	0	0	1000	0
20	-27.696	35.128	0	0	1000	0
21	5.696	39.15	0	0	1000	0
22	-29.731	-2.212	0	0	1000	0
23	-22.925	16.592	0	0	1000	0
24	-76.569	56.402	0	0	1000	0
25	-46.852	23.428	0	0	1000	0
26	77.673	28.207	0	0	1000	0
27	78.53	-17.938	0	0	1000	0
28	-15.747	-50.162	0	0	1000	0
29	-61.568	-61.115	0	0	1000	0
30	8.289	-48.093	0	0	1000	0
31	-44.14	-25.429	0	0	1000	0
32	10.768	-20.035	0	0	1000	0
33	-57.364	-25.967	0	0	1000	0
34	-30.563	-28.486	0	0	1000	0
END_SECTION
CLIENT_COUNT_SECTION
144
END_SECTION
CLIENT_SECTION
0	-55.28	-24.371	9	204	515	25
1	-48.297	53.314	22	203	424	13
2	-49.072	-38.489	10	169	352	20
3	25.311	-18.561	24	108	433	16
4	-24.469	-3.815	25	235	447	4
5	24.591	-17.896	6	296	573	2
6	-10.419	60.364	22	268	566	7
7	38.177	-35.175	1	221	401	15
8	-68.28	93.073	19	190	374	10
9	-30.792	-57.336	19	290	490	4
10	-37.061	-12.122	5	225	502	19
11	-15.741	-47.638	9	196	434	10
12	-63.379	-22.919	8	101	319	15
13	-43.109	-43.439	14	139	386	4
14	-25.623	13.599	4	251	592	17
15	-2.625	16.632	7	256	572	4
16	-41.577	-28.497	10	277	488	3
17	2.081	12.885	22	169	436	9
18	3.925	-47.845	17	123	364	25
19	-83.295	26.324	10	208	419	14
20	-6.458	26.355	8	172	434	23
21	3.29	6.732	14	213	428	7
22	-34.869	30.426	12	200	502	7
23	15.546	-36.273	17	122	450	1
24	12.842	5.127	19	115	431	10
25	-48.45	-24.426	25	156	350	15
26	-88.538	-10.461	25	258	460	1
27	-29.773	0.995	6	263	498	2
28	9.827	38.416	21	120	349	9
29	1.41	92.938	3	215	418	10
30	-79.303	15.381	19	200	538	2
31	-30.652	40.063	16	274	602	23
32	18.927	21.637	21	109	377	15
33	45.087	-59.906	17	221	535	13
34	-34.949	-3.815	19	274	465	16
35	81.201	-74.744	6	246	583	21
36	15.594	-28.455	10	113	348	1
37	-72.192	29.547	22	80	276	18
38	-42.914	-22.675	17	285	472	17
39	-76.392	-57.489	16	81	309	13
40	-28.54	12.073	5	187	466	5
41	-61.389	26.526	1	196	521	23
42	-8.472	12.616	21	230	436	20
43	-61.475	33.392	20	261	546	1
44	-34.674	-27.588	6	70	408	2
45	10.315	-12.518	1	192	397	15
46	-83.014	77.002	11	170	479	20
47	-40.417	49.988	22	193	540	9
48	83.832	33.905	25	249	431	13
49	-20.563	-75.83	18	231	487	4
50	15.442	-18.719	9	89	374	15
51	-59.937	-65.802	23	117	316	5
52	5.151	47.815	17	108	356	8
53	46.008	14.99	4	157	499	19
54	82.977	-1.66	1	182	517	16
55	39.893	-38.916	14	111	325	11
56	90.839	-83.539	11	138	346	23
57	7.068	0.067	7	279	638	14
58	18.958	40.088	21	172	383	24
59	-80.487	58.209	3	261	515	5
60	64.459	-62.946	18	269	560	5
61	-43.616	-26.117	5	208	548	23
62	-18.408	10.303	6	266	482	3
63	-43.921	63.251	22	81	344	10
64	11.353	26.221	13	93	437	23
65	-6.995	38.239	17	66	338	23
66	74.084	-34.216	5	164	462	20
67	14.301	-0.8	7	68	278	5
68	-94.141	-48.779	1	258	474	14
69	15.332	-42.169	3	219	562	1
70	-46.637	-16.461	10	200	488	10
71	-0.958	-81	5	99	373	3
72	-37.445	-42.505	1	234	444	4
73	-3.68	-69.073	17	265	615	23
74	34.894	-20.898	14	288	491	21
75	45.544	51.41	4	207	407	3
76	-31.927	88.239	10	125	470	21
77	-13.58	-26.959	25	152	410	25
78	12.653	-48.34	11	284	546	5
79	-46.179	-38.269	16	121	465	11
80	-29.62	35.083	25	294	511	10
81	13.696	43.988	20	62	351	5
82	38.342	-46.338	3	72	319	3
83	-26.227	24.506	7	217	475	13
84	90.009	-43.64	2	239	439	19
85	-6.995	22.522	6	271	626	13
86	-29.993	-28.851	14	105	294	8
87	-56.268	-64.74	14	280	514	13
88	-87.415	90.796	2	72	256	15
89	-5.762	54.034	15	249	527	10
90	-34.845	-27.185	22	237	465	4
91	-16.479	16.18	4	153	357	23
92	23.712	29.492	22	298	487	23
93	-40.991	46.594	19	147	407	14
94	-53.516	-21.619	5	195	547	20
95	-17.56	37.494	10	126	461	3
96	-37.311	56.836	4	117	433	5
97	71.515	22.51	7	71	412	16
98	-41.864	27.71	11	274	482	21
99	14.819	-82.117	14	78	329	4
100	30.316	-55.322	2	257	493	2
101	-39.172	47.998	12	71	351	11
102	-94.415	15.192	12	73	319	15
103	-7.806	11.273	24	285	583	16
104	28.571	-49.908	8	262	443	3
105	-20.654	24.554	4	79	308	21
106	-30.963	-18.903	25	87	304	21
107	1.721	-20.447	6	269	627	25
108	-31.012	-21.106	9	62	267	12
109	-85.718	-28.015	23	66	278	21
110	58.826	-63.043	15	141	414	6
111	-15.753	-52.686	7	262	620	2
112	-71.661	51.184	6	76	303	24
113	-92.633	-6.598	5	176	383	21
114	33.508	-49.255	12	206	529	24
115	59.314	54.095	3	234	526	11
116	30.737	-28.436	22	93	424	12
117	-55.896	18.457	18	92	400	22
118	-89.96	-39.532	16	212	397	19
119	36.438	20.819	5	97	422	8
120	-53.674	-56.427	1	268	491	9
121	-31.866	32.538	8	72	291	10
122	5.658	12.756	20	79	419	5
123	-52.905	42.804	17	115	351	14
124	47.131	-45.465	11	182	387	7
125	30.792	9.869	8	259	525	5
126	-45.209	-56.293	15	198	432	22
127	10.919	13.306	16	88	278	5
128	-32.99	-34.003	6	262	492	1
129	-40.869	30.579	24	211	527	9
130	-69.348	80.408	10	197	450	16
131	-58.966	-29.541	4	182	501	14
132	-36.847	-33.71	10	298	582	21
133	-21.82	65.369	17	76	271	8
134	22.98	-41.01	5	83	421	7
135	-77.557	59.814	14	290	482	24
136	-47.205	67.725	16	85	390	24
137	-21.606	35.168	11	61	247	16
138	-55.676	-31.384	25	148	438	4
139	-85.229	88.788	4	84	408	7
140	-3.918	-63.525	12	278	614	13
141	-58.557	59.375	19	104	427	25
142	-24.542	14.935	6	132	459	10
143	-48.779	16.968	23	236	582	24
END_SECTION
VEHICLE_BATTERY_SECTION
0
END_SECTION
VEHICLE_CAPACITY_SECTION
190
END_SECTION
BATTERY_CONSUM_RATE_SECTION
1
END_SECTION
INVERSE_REFUELING_RATE_SECTION
0.38
END_SECTION
AVERAGE_VELOCITY_SECTION
1
END_SECTION
END_FILE
