NODE_COUNT_SECTION
1194
END_SECTION
DEP_COUNT_SECTION
4
END_SECTION
DEP_SECTION
0	44.306	-25.952	0	0	1000	0
1	-32.403	14.042	0	0	1000	0
2	37.663	13.769	0	0	1000	0
3	-15.104	12.111	0	0	1000	0
END_SECTION
RECHARGING_STATION_COUNT_SECTION
230
END_SECTION
RECHARGING_STATION_SECTION
0	-5.496	-87.964	0	0	1000	0
1	11.738	74.515	0	0	1000	0
2	-30.341	-63.437	0	0	1000	0
3	-94.934	72.417	0	0	1000	0
4	-63.573	-15.187	0	0	1000	0
5	69.131	-56.105	0	0	1000	0
6	-30.974	96.291	0	0	1000	0
7	23.298	7.261	0	0	1000	0
8	-26.164	28.826	0	0	1000	0
9	-86.765	22.168	0	0	1000	0
10	-64.883	-90.208	0	0	1000	0
11	-37.652	97.34	0	0	1000	0
12	-98.184	-52.669	0	0	1000	0
13	-3.425	50.441	0	0	1000	0
14	-48.017	-18.842	0	0	1000	0
15	58.325	76.126	0	0	1000	0
16	53.749	-72.49	0	0	1000	0
17	-71.978	29.086	0	0	1000	0
18	-72.004	-67.982	0	0	1000	0
19	25.441	-81.132	0	0	1000	0
20	-38.22	78.825	0	0	1000	0
21	66.162	-36.186	0	0	1000	0
22	-54.099	-97.337	0	0	1000	0
23	62.494	50.75	0	0	1000	0
24	-23.612	-98.527	0	0	1000	0
25	92.611	-79.487	0	0	1000	0
26	-51.102	-61.436	0	0	1000	0
27	-24.211	58.033	0	0	1000	0
28	0.686	-63.156	0	0	1000	0
29	0.609	88.957	0	0	1000	0
30	43.366	32.071	0	0	1000	0
31	12.183	40.422	0	0	1000	0
32	-82.869	15.504	0	0	1000	0
33	-92.786	8.797	0	0	1000	0
34	80.1	97.129	0	0	1000	0
35	-76.702	9.854	0	0	1000	0
36	-79.276	-58.35	0	0	1000	0
37	-61.401	-72.685	0	0	1000	0
38	56.721	-91.434	0	0	1000	0
39	-55.801	-89.007	0	0	1000	0
40	-93.706	-77.519	0	0	1000	0
41	85.382	51.189	0	0	1000	0
42	99.025	76.43	0	0	1000	0
43	93.001	95.961	0	0	1000	0
44	93.293	7.144	0	0	1000	0
45	-72.231	-22.655	0	0	1000	0
46	5.522	-85.005	0	0	1000	0
47	25.314	96.752	0	0	1000	0
48	-97.023	-87.089	0	0	1000	0
49	-96.477	48.023	0	0	1000	0
50	76.378	31.569	0	0	1000	0
51	79.267	-82.063	0	0	1000	0
52	-96.627	79.66	0	0	1000	0
53	13.663	-96.875	0	0	1000	0
54	77.664	45.326	0	0	1000	0
55	-81.978	77.51	0	0	1000	0
56	-26.085	-34.979	0	0	1000	0
57	96.199	57.391	0	0	1000	0
58	17.179	-81.44	0	0	1000	0
59	6.603	-31.696	0	0	1000	0
60	-43.967	14.476	0	0	1000	0
61	62.477	-11.243	0	0	1000	0
62	-60.379	-50.947	0	0	1000	0
63	-93.325	60.552	0	0	1000	0
64	-67.883	-83.135	0	0	1000	0
65	64.044	93.993	0	0	1000	0
66	-69.301	0.588	0	0	1000	0
67	60.226	-49.384	0	0	1000	0
68	-41.44	-50.251	0	0	1000	0
69	15.588	-32.597	0	0	1000	0
70	55.561	-25.673	0	0	1000	0
71	-14.543	43.449	0	0	1000	0
72	-87.971	-30.006	0	0	1000	0
73	-48.706	92.527	0	0	1000	0
74	-34.883	-16.921	0	0	1000	0
75	42.819	-28.862	0	0	1000	0
76	-27.112	-13.273	0	0	1000	0
77	4.07	65.406	0	0	1000	0
78	36.558	-0.182	0	0	1000	0
79	-81.886	38.854	0	0	1000	0
80	49.269	10.252	0	0	1000	0
81	-57.219	79.07	0	0	1000	0
82	-67.172	64.658	0	0	1000	0
83	-29.383	71.115	0	0	1000	0
84	93.564	-48.014	0	0	1000	0
85	-51.602	52.248	0	0	1000	0
86	-62.631	-28.589	0	0	1000	0
87	68.526	-87.257	0	0	1000	0
88	30.27	84.843	0	0	1000	0
89	-82.656	-11.554	0	0	1000	0
90	29.69	71.989	0	0	1000	0
91	8.623	-52.259	0	0	1000	0
92	31.393	20.074	0	0	1000	0
93	-34.881	55.266	0	0	1000	0
94	-19.524	68.102	0	0	1000	0
95	68.341	-77.564	0	0	1000	0
96	23.968	-68.237	0	0	1000	0
97	-34.971	-78.294	0	0	1000	0
98	28.357	43.465	0	0	1000	0
99	92.836	-70.419	0	0	1000	0
100	-56.643	36.755	0	0	1000	0
101	22.258	-72.86	0	0	1000	0
102	-64.014	17.626	0	0	1000	0
103	-11.166	-15.039	0	0	1000	0
104	98.127	-33.521	0	0	1000	0
105	80.879	-70.444	0	0	1000	0
106	89.871	-59.047	0	0	1000	0
107	-12.875	-54.878	0	0	1000	0
108	-28.939	-48.256	0	0	1000	0
109	-43.85	-70.674	0	0	1000	0
110	-66.043	-40.83	0	0	1000	0
111	-94.787	97.447	0	0	1000	0
112	-15.377	-31.239	0	0	1000	0
113	21.162	-8.947	0	0	1000	0
114	-0.338	31.222	0	0	1000	0
115	22.956	87.55	0	0	1000	0
116	93.193	-93.182	0	0	1000	0
117	72.726	59.261	0	0	1000	0
118	54.518	83.195	0	0	1000	0
119	34.559	-39.824	0	0	1000	0
120	57.667	39.071	0	0	1000	0
121	2.346	-15.815	0	0	1000	0
122	28.49	-92.408	0	0	1000	0
123	79.2	-59.164	0	0	1000	0
124	-90.19	41.689	0	0	1000	0
125	25.344	-35.708	0	0	1000	0
126	-78.326	-4.465	0	0	1000	0
127	91.506	66.851	0	0	1000	0
128	-76.901	70.748	0	0	1000	0
129	-30.136	9.923	0	0	1000	0
130	62.789	42.711	0	0	1000	0
131	-12.587	-73.087	0	0	1000	0
132	-85.166	-94.383	0	0	1000	0
133	-12.964	79.31	0	0	1000	0
134	-65.553	43.847	0	0	1000	0
135	-23.359	-83.78	0	0	1000	0
136	-4.007	-34.399	0	0	1000	0
137	13.167	-73.777	0	0	1000	0
138	-76.088	62.227	0	0	1000	0
139	83.691	-48.315	0	0	1000	0
140	90.928	83.113	0	0	1000	0
141	49.74	94.282	0	0	1000	0
142	74.66	72.65	0	0	1000	0
143	13.118	-40.992	0	0	1000	0
144	-68.448	91.803	0	0	1000	0
145	30.929	26.488	0	0	1000	0
146	-11.364	1.787	0	0	1000	0
147	-9.192	68.165	0	0	1000	0
148	-23.345	-24.636	0	0	1000	0
149	71.833	-96.852	0	0	1000	0
150	-53.841	-15.982	0	0	1000	0
151	-73.842	-30.256	0	0	1000	0
152	-97.05	-66.408	0	0	1000	0
153	-94.354	32.414	0	0	1000	0
154	42.121	85.05	0	0	1000	0
155	23.098	57.134	0	0	1000	0
156	10.626	91.484	0	0	1000	0
157	56.596	-84.499	0	0	1000	0
158	64.266	-23.024	0	0	1000	0
159	-60.103	90.214	0	0	1000	0
160	17.565	65.835	0	0	1000	0
161	69.072	81.905	0	0	1000	0
162	2.107	16.377	0	0	1000	0
163	40.53	47.079	0	0	1000	0
164	15.187	-24.317	0	0	1000	0
165	73.822	-46.629	0	0	1000	0
166	16.714	-1.015	0	0	1000	0
167	-26.209	40.504	0	0	1000	0
168	96.401	-17.996	0	0	1000	0
169	-92.923	88.34	0	0	1000	0
170	-53.084	3.259	0	0	1000	0
171	84.306	20.625	0	0	1000	0
172	-86.285	-1.694	0	0	1000	0
173	82.627	-92.173	0	0	1000	0
174	-50.879	77.496	0	0	1000	0
175	24.56	-16.355	0	0	1000	0
176	96.946	-5.593	0	0	1000	0
177	34.531	57.664	0	0	1000	0
178	78.186	-32.689	0	0	1000	0
179	-92.162	-42.97	0	0	1000	0
180	37.517	-86.096	0	0	1000	0
181	95.033	41.66	0	0	1000	0
182	76.504	-2.68	0	0	1000	0
183	71.11	-66.36	0	0	1000	0
184	-41.808	-95.35	0	0	1000	0
185	48.752	54.443	0	0	1000	0
186	-84.551	-67.604	0	0	1000	0
187	-55.333	-70.896	0	0	1000	0
188	16.154	47.234	0	0	1000	0
189	-52.56	-7.242	0	0	1000	0
190	-6.155	-46.113	0	0	1000	0
191	-11.131	63.16	0	0	1000	0
192	6.624	51.16	0	0	1000	0
193	-27.372	-1.674	0	0	1000	0
194	-61.826	81.731	0	0	1000	0
195	-39.758	-25.012	0	0	1000	0
196	-52.812	-80.104	0	0	1000	0
197	22.994	-52.421	0	0	1000	0
198	42.743	-81.509	0	0	1000	0
199	-92.034	-16.947	0	0	1000	0
200	-81.578	50.486	0	0	1000	0
201	54.229	-43.753	0	0	1000	0
202	61.374	-98.399	0	0	1000	0
203	61.854	12.794	0	0	1000	0
204	38.449	-52.039	0	0	1000	0
205	75.885	-18.5	0	0	1000	0
206	-68.725	57.214	0	0	1000	0
207	-3.165	94.327	0	0	1000	0
208	44.544	-62.528	0	0	1000	0
209	-71.35	-42.298	0	0	1000	0
210	8.003	-67.235	0	0	1000	0
211	46.07	-96.281	0	0	1000	0
212	27.466	-44.672	0	0	1000	0
213	45.032	41.438	0	0	1000	0
214	-75.499	88.609	0	0	1000	0
215	-73.739	-15.332	0	0	1000	0
216	-15.442	91.005	0	0	1000	0
217	-60.685	72.179	0	0	1000	0
218	13.557	30.317	0	0	1000	0
219	-1.348	74.651	0	0	1000	0
220	-68.498	-58.095	0	0	1000	0
221	-95.092	-8.008	0	0	1000	0
222	-87.163	-52.899	0	0	1000	0
223	-70.775	-97.282	0	0	1000	0
224	68.914	-30.625	0	0	1000	0
225	-19.339	-68.323	0	0	1000	0
226	-54.329	61.555	0	0	1000	0
227	97.547	17.667	0	0	1000	0
228	-50.514	-35.651	0	0	1000	0
229	47.815	81.701	0	0	1000	0
END_SECTION
CLIENT_COUNT_SECTION
960
END_SECTION
CLIENT_SECTION
0	64.827	48.437	2	194	483	2
1	-84.37	74.398	10	116	377	13
2	-66.256	-28.344	23	255	497	15
3	-9.72	-50.075	21	71	301	15
4	47.21	79.59	6	233	515	25
5	90.516	-8.751	9	176	481	24
6	-88.916	61.698	12	70	254	24
7	44.061	-63.955	17	287	526	5
8	57.645	75.778	6	299	624	23
9	42.872	-86.788	24	125	461	7
10	-64.039	-81.831	18	188	375	8
11	-70.301	58.036	21	198	421	23
12	-83.783	19.863	18	130	320	20
13	8.029	-63.5	9	167	487	1
14	28.453	96.287	2	134	407	16
15	91.668	46.465	19	190	506	16
16	22.994	94.992	17	163	504	10
17	85.196	-47.202	8	105	337	11
18	-98.603	70.484	6	151	398	13
19	-75.686	-60.478	13	224	490	11
20	-28.484	28.584	6	75	414	6
21	35.214	84.535	18	95	423	7
22	-36.842	-76.44	8	197	505	21
23	33.714	29.507	8	227	484	15
24	24.497	98.978	12	71	417	9
25	-20.261	72.157	22	127	413	19
26	-29.609	-52.145	2	256	555	2
27	-72.259	-82.192	22	65	258	19
28	-4.227	-34.223	18	262	594	15
29	50.295	12.413	4	249	472	8
30	2.848	65.409	18	148	392	2
31	82.021	-49.305	18	80	264	24
32	30.448	-89.514	4	233	470	13
33	89.201	79.734	1	122	353	12
34	-77.014	-3.068	14	189	534	24
35	0.108	52.122	13	228	521	2
36	-85.398	-92.319	19	144	504	12
37	93.831	-22	14	85	340	20
38	25.935	57.728	21	135	423	25
39	21.778	-91.824	22	285	469	22
40	-61.507	-17.173	13	267	621	9
41	79.157	98.536	5	156	419	17
42	68.099	80.134	5	110	360	21
43	2.415	-81.105	19	222	538	8
44	-73.574	-96.412	24	137	355	12
45	0.104	19.351	22	272	627	25
46	80.734	-95.833	15	202	546	1
47	-73.218	32.024	9	187	505	12
48	-16.995	-59.011	4	295	486	19
49	-32.162	-18.038	17	169	453	17
50	98.511	-51.674	10	203	456	15
51	63.144	-20.996	4	298	507	8
52	-90.828	24.641	8	277	468	9
53	44.433	-83.013	3	126	321	14
54	-38.906	-49.351	2	67	317	25
55	74.641	-64.821	10	191	528	2
56	-45.386	-5.479	23	89	390	5
57	-95.288	56.837	23	267	505	8
58	-31.709	51.49	13	236	560	13
59	-15.708	78.986	18	253	472	6
60	75.443	49.127	24	245	445	10
61	81.288	-18.273	13	84	428	23
62	-69.627	0.272	11	287	467	5
63	67.177	92.088	21	278	595	15
64	-60.709	92.321	17	207	475	2
65	88.741	87.652	1	243	427	23
66	24.811	12.393	4	102	307	18
67	-32.482	94.671	8	206	526	21
68	49.724	-73.793	4	288	556	5
69	-79.252	77.979	5	207	525	13
70	-25.619	-50.435	17	63	273	23
71	-65.31	-88.727	20	115	327	11
72	-34.149	-80.669	11	271	567	1
73	-11.176	-40.123	25	218	529	6
74	-27.17	18.178	3	166	387	16
75	67.31	-33.767	16	150	373	25
76	23.296	-0.83	13	180	519	5
77	98.23	-19.749	16	266	573	15
78	-79.177	71.51	22	244	493	8
79	58.633	-93.487	1	83	415	4
80	-35	-63.27	19	206	395	23
81	-98.016	-62.462	5	159	395	24
82	15.446	33.705	20	161	491	19
83	51.617	-97.518	19	76	317	18
84	35.933	-52.075	15	247	476	3
85	-87.164	-77.523	13	117	450	10
86	-16.032	-66.109	13	100	290	5
87	-79.876	29.145	3	278	521	19
88	93.603	-43.613	14	248	586	21
89	-90.271	-13.693	19	244	485	24
90	-73.128	-29.092	25	259	553	4
91	71.47	-59.931	13	195	501	5
92	-78.403	63.509	6	285	490	7
93	10.111	89.689	5	163	440	6
94	-69.51	25.765	14	273	468	21
95	22.876	87.684	18	122	370	24
96	-75.983	69.62	1	216	407	4
97	-67.496	60.187	1	203	423	21
98	54.58	-23.442	8	207	410	25
99	64.04	40.372	6	74	395	20
100	39.747	-75.122	1	86	409	7
101	60.102	73.83	21	159	376	4
102	-35.405	-74.374	21	196	376	2
103	-86.312	19.354	25	62	399	25
104	43.65	45.843	10	222	407	2
105	-86.302	50.717	18	187	528	11
106	56.127	-73.54	4	175	475	12
107	-16.217	40.044	11	257	492	14
108	-1.627	-19.089	24	178	473	20
109	-66.241	-16.981	9	241	453	1
110	15.388	-18.664	22	232	477	9
111	98.83	12.826	23	113	294	22
112	-86.609	-67.235	8	151	465	21
113	96.522	39.2	7	228	463	5
114	-25.442	28.908	13	188	411	5
115	59.045	14.41	18	84	405	24
116	20.187	8.477	6	217	546	2
117	41.522	-60.378	19	153	489	21
118	-44.982	17.064	22	216	496	20
119	-61.959	-18.511	11	147	414	7
120	-96.243	-52.375	19	216	479	17
121	-73.928	-23.535	1	219	399	25
122	-7.707	83.435	6	77	422	24
123	-82.678	-60.326	23	104	455	2
124	-11.108	-51.889	17	190	516	17
125	91.11	-56.856	16	175	390	11
126	-55.893	49.933	1	216	484	11
127	-33.956	97.014	5	143	494	6
128	-68.928	65.406	4	63	299	8
129	69.251	-43.499	23	87	307	17
130	-57.071	60.211	18	87	320	18
131	58.75	37.168	14	106	303	21
132	60.986	-11.834	11	232	521	3
133	98.324	-4.812	4	182	432	23
134	-88.471	-55.227	7	175	468	5
135	50.535	-47.345	6	181	483	13
136	70.096	-69.543	19	180	403	25
137	55.307	-29.019	16	178	433	14
138	-83.032	-2.71	18	143	370	16
139	33.297	-43.454	18	239	476	11
140	95.664	88.091	7	75	432	16
141	68.674	-77.274	23	214	443	24
142	0.922	-84.757	25	217	554	25
143	60.551	50.528	20	95	442	2
144	-60.495	37.707	21	209	446	6
145	69.48	-95.286	16	215	565	2
146	-67.899	-59.416	11	144	374	3
147	-24.9	37.655	19	98	349	20
148	7.826	13.186	1	153	429	21
149	31.324	73.022	4	93	424	17
150	-53.257	-18.092	19	298	654	6
151	-17.022	75.747	22	229	426	16
152	79.407	-84.96	13	243	582	16
153	94.813	97.655	21	148	457	7
154	96.682	1.963	19	144	425	6
155	-76.171	-58.494	10	240	532	5
156	-66.756	57.07	22	117	459	23
157	4.03	-19.787	19	130	392	15
158	-11.739	61.143	3	91	450	15
159	37.836	0.765	20	279	512	11
160	2.411	22.652	22	211	455	15
161	-7.596	-49.373	11	229	414	1
162	-10.671	82.417	16	223	411	22
163	58.201	-44.852	9	72	301	11
164	42.793	-96.489	14	219	530	18
165	13.865	77.578	25	169	406	4
166	-72.179	-65.714	6	172	357	16
167	72.855	-53.707	8	242	477	10
168	98.408	-15.875	22	261	469	13
169	-36.597	-98.22	16	201	502	21
170	-46.693	-89.776	12	299	533	14
171	-63.757	-81.043	4	87	289	6
172	-25.912	-12.5	12	261	581	1
173	30.763	85.553	24	102	434	12
174	72.158	-49.126	22	191	408	13
175	-29.117	-16.781	22	61	283	7
176	72.313	-39.146	7	258	609	3
177	-43.582	-67.551	4	245	554	6
178	58.063	77.759	11	192	450	1
179	-72.464	-38.558	11	282	497	1
180	-31.196	28.793	2	133	401	19
181	-12.118	-51.802	14	213	410	20
182	34.864	19.754	17	192	483	20
183	20.45	5.154	1	213	519	10
184	3.889	49.076	16	97	391	25
185	-28.364	-67.541	3	287	528	5
186	95.34	-76.329	2	203	517	9
187	-20.064	88.549	18	226	513	4
188	17.576	-32.944	6	297	602	4
189	14.496	67.156	5	66	264	22
190	80.127	74.817	19	199	416	17
191	97.469	-94.906	12	81	269	20
192	-25.627	69.783	21	216	397	20
193	-28.401	-99.324	19	76	275	5
194	50.075	30.104	8	265	509	11
195	-71.62	2.646	21	159	499	23
196	12.915	-98.794	21	92	420	18
197	-62.685	-8.744	25	203	467	17
198	56.589	-70.657	1	274	538	18
199	-31.331	-31.421	13	118	333	20
200	-43.98	90.593	11	149	390	2
201	26.527	-69.661	20	249	568	14
202	-69.424	52.137	13	226	553	13
203	-54.424	-13.872	4	229	579	18
204	15.812	-80.864	4	247	477	2
205	-83.857	-49.906	10	161	472	17
206	40.424	-79.066	13	170	479	15
207	-67.86	44.448	8	149	365	6
208	59.269	38.066	11	235	594	5
209	1.701	-67.918	14	65	288	14
210	44.975	87.472	12	127	418	11
211	57.629	35.435	23	216	476	15
212	-99.949	78.102	9	261	612	7
213	99.913	86.062	19	174	419	16
214	-70.393	-12.736	1	79	378	5
215	24.002	-38.426	9	254	476	21
216	-53.887	-49.366	19	237	481	9
217	95.928	10.482	11	80	391	22
218	-31.829	4.337	10	242	582	11
219	47.684	62.209	6	140	421	23
220	-66.668	-37.401	2	270	600	14
221	17.807	-31.234	3	172	375	22
222	-36.21	75.098	16	277	557	24
223	66.718	-40.335	4	217	405	6
224	90.712	-46.793	2	217	445	10
225	-77.661	49.278	20	174	364	13
226	-52.729	77.002	12	103	349	5
227	44.581	-35.831	4	188	380	18
228	7.491	-10.169	15	70	348	23
229	6.785	11.324	11	95	341	23
230	-33.471	98.485	20	280	529	4
231	-16.528	-52.459	4	111	362	18
232	-2.616	-45.108	12	209	517	6
233	-66.897	15.295	4	197	500	14
234	76.404	-30.405	14	238	429	14
235	-60.986	-67.986	17	61	284	16
236	-24.011	-86.817	9	151	378	3
237	98.059	16.247	10	178	366	4
238	1.365	-57.99	11	72	331	8
239	68.587	-78.809	9	71	283	1
240	-9.815	-86.391	23	103	378	7
241	49.922	13.192	25	102	390	6
242	-4.258	-91.165	25	140	421	13
243	89.349	-18.252	16	82	350	22
244	-17.556	5.642	23	238	422	18
245	-98.375	-67.752	7	219	454	9
246	11.423	-85.39	5	108	401	2
247	-72.785	-68.14	18	161	437	8
248	62.956	43.244	11	80	330	5
249	5.312	56.552	10	260	596	10
250	-65.52	-53.04	13	236	521	25
251	37.815	60.251	6	190	543	2
252	-82.718	34.769	7	295	584	12
253	36.114	56.615	18	184	389	25
254	-60.954	80.289	1	142	332	23
255	-68.729	-63.871	12	129	394	20
256	-66.485	89.372	6	102	287	19
257	66.3	-12.99	4	106	355	15
258	6.653	-0.248	23	167	365	21
259	-65.418	-44.258	7	270	478	16
260	95.816	-81.241	9	237	560	11
261	67.027	-89.674	22	134	462	21
262	90.179	-91.676	3	271	615	16
263	-42.445	-73.38	3	118	339	17
264	-14.05	-25.887	15	77	344	3
265	88.949	-76.044	16	112	311	11
266	5.292	65.403	24	248	451	24
267	-48.889	-14.491	25	175	359	24
268	11.053	27.916	16	145	404	4
269	-96.85	30.821	9	220	548	13
270	55.022	45.616	1	182	405	21
271	-10.164	79.954	4	89	429	14
272	-34.025	-80.909	14	285	635	1
273	-53.896	-61.495	15	290	546	10
274	97.163	-8.185	5	96	343	21
275	-48.036	91.835	7	235	564	3
276	70.116	-52.159	1	250	483	17
277	-37.542	97.917	1	186	446	6
278	-95.944	33.86	4	84	443	1
279	-85.897	-28.893	25	156	460	25
280	-7.206	-37.81	2	99	330	21
281	-87.997	-91.274	25	142	349	8
282	63.089	3.389	20	242	548	23
283	64.586	-56.96	5	95	306	17
284	88.486	69.748	15	111	355	22
285	-4.157	80.282	3	183	410	12
286	-66.415	-98.36	14	221	510	18
287	47.768	-92.319	6	65	256	15
288	24.073	-64.001	20	111	428	5
289	47.59	5.152	6	277	533	3
290	-71.782	87.985	15	97	442	21
291	27.538	75.092	17	76	336	15
292	77.355	-49.666	15	283	566	18
293	-18.538	-31.422	1	257	611	13
294	81.339	20.193	3	101	343	21
295	96.569	-89.661	2	134	419	4
296	47.488	93.359	22	276	509	18
297	38.449	57.392	24	70	309	4
298	20.392	-68.251	9	98	297	23
299	-67.946	-71.557	5	199	517	13
300	2.259	-18.005	11	294	577	1
301	-65.473	-14.524	15	108	313	22
302	-51.93	8.039	6	166	456	11
303	98.226	60.93	17	171	507	17
304	-42.134	-98.054	3	223	454	8
305	-66.033	-98.279	22	68	411	8
306	-97.981	-54.479	19	108	423	22
307	13.424	-13.017	6	97	315	7
308	89.077	41.159	25	251	466	3
309	28.376	-8.113	7	196	458	12
310	30.317	-37.06	18	109	391	23
311	-2.157	16.737	13	270	584	9
312	46.567	-68.07	17	158	479	11
313	-1.103	90.854	19	257	600	2
314	-81.82	82.599	22	115	451	12
315	91.497	-73.608	22	63	414	7
316	-12.494	86.904	2	71	321	1
317	22.224	-38.314	3	239	581	8
318	98.879	-31.951	5	61	399	12
319	99.999	72.207	20	253	546	22
320	-79.637	-5.862	16	242	453	8
321	-96.843	-66.08	9	137	325	12
322	-41.267	-70.4	20	197	547	8
323	33.014	40.751	2	293	512	5
324	-10.584	-29.071	9	129	462	6
325	-24.316	0.891	6	244	486	7
326	29.977	41.758	21	277	527	25
327	-2.848	-50.982	7	170	504	23
328	65.773	-86.846	25	223	403	8
329	-16.317	-56.905	6	278	504	10
330	-57.073	-98.436	14	288	630	17
331	-56.491	16.876	3	186	423	13
332	15.396	-76.032	13	262	498	6
333	-75.088	58.256	18	169	448	24
334	96.44	62.174	23	60	278	23
335	-93.38	-43.192	11	139	332	13
336	64.436	-80.935	18	87	357	4
337	-69.521	23.805	5	129	459	13
338	55.01	-25.54	11	76	399	8
339	-80.711	90.076	24	171	356	17
340	56.009	-49.712	14	67	252	25
341	-57.092	-74.976	2	262	506	20
342	53.202	-39.537	13	178	484	4
343	81.739	-0.326	12	162	437	21
344	32.83	55.316	17	285	583	3
345	-48.318	54.429	22	69	283	17
346	23.36	-73.911	12	132	456	24
347	-11.524	68.173	20	185	507	15
348	-68.352	58.624	7	73	379	25
349	73.554	-97.904	15	75	423	5
350	30.068	82.049	2	226	573	16
351	93.083	-68.397	7	273	585	17
352	75.257	-1.506	13	122	332	16
353	80.638	-17.836	17	119	339	25
354	-13.335	73.973	13	288	489	7
355	-86.641	3.882	19	109	415	14
356	-80.13	17.609	8	229	484	4
357	-17.242	78.547	21	136	323	22
358	12.901	-81.505	17	294	585	14
359	19.444	-81.554	7	284	605	24
360	-36.384	-47.398	17	163	510	8
361	21.083	-55.008	20	282	613	2
362	-83.82	-33.208	22	65	379	20
363	-68.502	-2.507	14	263	479	6
364	27.436	-16.36	15	210	450	5
365	48.742	-54.756	6	86	416	6
366	-45.101	-49.633	14	205	445	15
367	-58.762	77.193	14	300	548	24
368	-59.256	74.247	16	215	485	4
369	75.09	73.656	23	244	572	25
370	41.057	-21.892	19	78	307	7
371	-50.267	-11.789	24	177	532	4
372	21.525	-16.962	12	181	421	13
373	-19.547	-83.289	19	274	614	3
374	-20.39	67.037	25	124	334	5
375	54.979	-43.275	13	91	449	10
376	-89.756	-29.358	12	215	504	25
377	-30.428	-4.238	25	290	471	13
378	-72.361	-57.893	7	248	494	19
379	58.701	-88.691	25	179	475	25
380	47.152	49.394	5	156	355	22
381	98.749	1.442	8	215	489	17
382	70.369	-6.789	9	196	451	24
383	20.56	-81.837	8	189	433	12
384	80.783	57.841	2	271	527	7
385	76.182	-61.91	1	295	618	9
386	17.836	0.556	17	99	372	22
387	90.639	-61.624	9	165	451	13
388	58.777	-98.35	25	96	395	17
389	-18.378	87.995	14	184	397	24
390	80.328	-82.823	3	202	543	15
391	22.901	43.5	17	110	423	13
392	99.979	-7.659	22	156	387	14
393	-74.178	-85.31	25	162	357	1
394	31.687	-99.301	25	164	520	22
395	17.78	-9.558	11	96	432	14
396	19.072	-3.536	4	75	333	6
397	9.99	-31.742	12	164	359	23
398	93.929	-69.25	17	218	547	6
399	-49.561	2.1	13	176	364	14
400	84.991	97.266	10	191	545	13
401	-35.136	60.366	16	190	465	25
402	27.386	75.726	6	229	475	25
403	-95.895	51.401	5	95	356	13
404	90.088	83.059	8	157	495	9
405	-16.536	50.318	6	238	581	22
406	91.728	67.298	18	250	530	24
407	-5.567	29.476	17	291	513	24
408	24.247	-56.177	17	68	374	1
409	-15.787	-73.613	20	278	605	25
410	-5.743	49.143	2	295	486	6
411	47.026	37.508	7	230	539	16
412	19.365	55.565	11	296	618	10
413	76.434	-37.53	11	136	369	19
414	36.658	-41.782	24	132	415	17
415	-16.68	46.01	21	159	417	3
416	-72.614	-67.887	23	273	551	13
417	11.499	-71.875	13	270	507	7
418	73.78	30.537	13	136	477	21
419	-23.986	94.995	21	167	475	2
420	-62.937	-59.284	21	163	503	22
421	70.046	83.677	7	170	485	9
422	-16.85	-31.282	1	168	407	2
423	-70.533	-21.775	21	284	505	14
424	2.381	-18.432	23	253	554	14
425	-73.39	29.962	15	270	507	23
426	-77.693	-30.34	25	85	276	3
427	-45.148	52.866	5	286	468	8
428	-56.395	-38.303	20	278	622	20
429	-85.233	-65.405	14	183	532	15
430	-92.251	-45.922	3	212	483	8
431	-68.654	20.708	3	75	345	5
432	70.65	-16.407	2	285	532	21
433	24.89	-88.039	2	101	396	25
434	-42.952	11.889	8	188	382	7
435	35.038	-87.778	7	145	448	7
436	39.942	44.533	9	277	549	12
437	89.745	77.683	6	253	496	19
438	63.434	-99.186	8	109	381	20
439	-56.83	70.024	20	258	618	7
440	86.146	48.44	18	263	582	13
441	-26.305	-10.537	8	252	459	17
442	84.629	5.848	16	250	522	9
443	22.976	-82.654	12	243	564	25
444	16.025	-27.843	14	151	404	9
445	40.983	50.121	3	98	434	17
446	-28.342	70.688	7	282	586	1
447	-17.198	-37.749	15	270	454	5
448	18.649	68.157	21	286	622	3
449	-31.679	-77.422	24	104	335	8
450	-92.03	71.045	24	225	553	11
451	99.764	-19.769	8	266	493	17
452	83.744	-92.568	11	150	414	12
453	65.257	21.403	2	243	463	24
454	-29.359	-96.173	1	113	453	4
455	66.628	-57.768	17	223	539	6
456	99.35	76.019	19	120	401	7
457	-85.268	-25.947	6	162	389	13
458	-24.85	-63.408	14	138	450	24
459	-88.721	28.66	17	238	492	2
460	-39.57	-27.557	1	249	549	9
461	33.1	-15.522	10	120	478	4
462	-37.825	82.636	23	259	617	20
463	-81.576	-99.622	17	149	479	24
464	16.583	-96.408	8	169	521	13
465	-31.746	75.591	19	257	572	10
466	61.911	-97.661	23	272	560	12
467	57.673	78.338	20	300	515	19
468	-74.773	64.916	3	255	442	19
469	-56.712	-97.571	16	281	501	18
470	8.848	-41.943	7	90	333	13
471	56.179	-93.925	3	227	443	14
472	68.735	70.118	1	171	444	18
473	-5.465	-42.382	17	282	599	19
474	-3.662	-44.745	14	165	388	12
475	-81.811	-70.17	25	264	489	8
476	-13.655	43.628	5	268	503	19
477	85.186	55.957	8	276	559	21
478	27.923	20.394	1	233	444	9
479	81.843	97.48	21	230	497	2
480	-96.561	-80.586	4	65	281	4
481	-9.387	-72.56	13	97	441	12
482	55.654	88.007	5	87	359	6
483	83.858	-48.437	25	171	508	9
484	98.537	-99.368	11	101	414	9
485	60.709	98.434	5	119	459	15
486	-63.394	34.869	23	94	360	7
487	-55.337	-92.193	14	201	459	18
488	-89.766	-1.879	8	123	309	23
489	-7.931	-33.667	12	167	410	24
490	-31.815	68.398	10	168	363	25
491	-33.15	-59.529	5	130	350	16
492	62.105	53.287	6	123	457	9
493	-91.781	-6.866	5	175	402	3
494	-56.233	59.374	1	225	479	10
495	-40.409	-21.933	2	130	342	21
496	26.541	-76.104	7	164	421	2
497	-35.513	-80.412	14	144	386	3
498	21.491	88.587	6	128	428	9
499	-58.336	7.128	4	158	467	8
500	-1.587	-90.995	10	230	415	14
501	-56.755	-4.581	21	205	429	6
502	-55.795	-89.568	6	297	551	2
503	68.237	-27.695	5	99	319	16
504	34.062	4.498	13	287	577	16
505	-94.478	90.895	9	244	545	19
506	-57.782	53.032	1	73	283	17
507	7.702	-94.632	7	229	498	21
508	-62.697	83.173	18	170	432	25
509	-60.988	-53.805	24	177	357	7
510	-43.505	-69.111	18	181	383	12
511	97.728	81.065	12	264	514	20
512	89.034	-60.961	22	215	445	14
513	44.546	-7.482	3	90	279	19
514	17.894	-26.596	4	157	391	23
515	-87.64	-34.426	13	195	403	6
516	34.517	52.381	20	106	302	9
517	96.696	-38.001	16	156	380	13
518	79.477	76.956	22	284	583	15
519	2.418	71.79	9	159	476	8
520	3.217	-31.649	20	264	504	25
521	-95.739	-18.26	22	174	452	18
522	-29.562	-45.884	6	101	375	2
523	6.549	45.182	18	177	502	14
524	-42.879	79.309	1	211	500	5
525	36.394	66.838	25	249	558	22
526	42.076	-84.768	15	78	302	7
527	56.132	-12.439	20	126	306	17
528	-95.899	36.317	12	226	466	5
529	-88.983	-52.882	17	208	448	10
530	64.247	91.457	15	119	388	16
531	-72.655	-70.771	25	222	420	20
532	32.074	-38.296	2	87	407	18
533	54.75	78.806	2	235	560	2
534	27.747	3.023	21	68	315	24
535	76.298	-82.696	10	295	654	17
536	-38.252	-27.46	19	184	417	5
537	87.422	46.29	15	291	606	18
538	7.068	-86.587	23	152	454	5
539	59.458	-34.357	1	245	602	13
540	78.022	95.827	14	117	366	24
541	-65.182	-85.297	20	166	468	20
542	57.247	-90.481	6	238	472	24
543	-94.567	13.355	11	131	466	6
544	32.952	59.382	12	249	559	4
545	-72.026	-96.872	1	222	547	10
546	-51.895	-62.539	15	257	490	17
547	-51.575	92.63	8	162	416	14
548	-56.579	-69.398	18	134	380	3
549	26.402	81.786	23	106	324	24
550	-95.813	75.449	17	83	392	12
551	-79.111	43.035	4	234	464	25
552	-31.037	-78.774	5	142	407	24
553	-5.307	50.713	4	223	475	15
554	-95.771	63.122	12	226	572	15
555	62.242	-50.127	7	293	519	23
556	-4.149	67.502	19	170	485	18
557	28.492	87.95	18	159	401	2
558	85.136	19.967	24	182	490	13
559	-37.55	77.513	1	112	304	23
560	99.633	42.514	3	239	590	9
561	-96.217	-30.657	17	140	324	16
562	72.872	61.141	10	67	362	16
563	-52.716	-32.922	15	220	447	2
564	-56.768	-88.654	17	292	627	16
565	-21.917	-70.256	10	103	342	15
566	-13.912	78.346	12	251	541	16
567	90.339	-84.333	16	167	463	15
568	-22.419	-36.57	10	219	569	18
569	26.155	-3.343	17	277	488	12
570	17.56	-14.514	5	207	424	5
571	-63.247	-27.868	15	95	392	21
572	87.197	22.987	4	196	513	16
573	15.653	-40.126	23	145	354	24
574	-1.258	93.385	5	125	336	22
575	53.965	-70.184	19	251	543	14
576	29.807	-30.383	11	174	358	14
577	-99.093	-76.195	13	106	316	15
578	-48.942	-17.638	11	191	537	21
579	-4.802	-89.402	15	96	277	12
580	-85.608	13.399	22	223	552	22
581	-95.159	8.215	24	203	467	12
582	3.885	92.973	15	72	363	4
583	10.401	53.399	24	61	336	6
584	89.347	-97.435	15	214	444	19
585	24.52	-49.654	3	165	516	2
586	-57.638	-82.244	3	146	328	8
587	55.43	-26.095	8	287	616	20
588	91.527	-49.244	14	277	623	16
589	7.286	-54.417	2	95	382	17
590	21.386	53.013	11	146	409	5
591	-32.171	51.548	24	285	515	25
592	55.754	-83.565	11	234	495	22
593	-7.167	-80.13	8	278	576	22
594	-64.456	-91.688	3	216	465	14
595	-31.982	58.611	20	275	573	17
596	-55.382	-1.964	19	258	497	9
597	20.656	-20.578	19	92	285	3
598	6.065	-55.77	15	124	364	17
599	12.832	73.503	6	156	404	8
600	56.313	72.24	11	105	337	9
601	27.993	-45.032	10	159	343	23
602	-17.921	65.113	13	176	495	7
603	97.172	-22.337	15	218	510	16
604	32.325	84.538	13	69	343	1
605	-50.869	50.983	17	217	519	5
606	72.315	67.771	24	72	280	16
607	-25.059	-26.761	9	114	423	4
608	8.519	72.466	1	194	526	11
609	-69.923	88.799	25	98	327	5
610	96.041	95.111	11	159	491	18
611	21.622	-15.398	14	209	507	12
612	38.633	34.859	11	297	531	2
613	21.758	-6.772	24	229	560	14
614	-33.361	-72.079	23	61	302	15
615	66.493	-7.708	18	86	377	3
616	-98.794	-52.469	6	86	442	20
617	-83.827	38.759	15	199	408	14
618	23.084	-7.31	8	129	316	7
619	15.731	46.213	21	276	635	22
620	-1.847	89.007	23	97	291	16
621	5.782	-87.182	1	193	442	7
622	-48.171	-60.518	9	294	569	3
623	89.624	-87.307	4	165	490	15
624	-61.714	-49.676	1	162	510	10
625	-98.138	44.515	19	198	455	4
626	87.376	47.418	2	80	332	18
627	76.723	40.465	1	142	482	8
628	65.389	-25.052	1	274	559	24
629	4.266	-52.288	19	194	481	9
630	-77.732	8.498	24	272	487	6
631	33.614	-98.297	17	171	368	16
632	21.925	-49.025	9	271	509	16
633	-62.031	-27.286	8	127	401	6
634	98.808	-30.609	15	94	338	23
635	-10.522	65.178	3	225	438	19
636	-77.584	-97.103	2	186	492	8
637	-95.068	97.477	6	104	432	16
638	-58.133	-25.755	1	244	506	15
639	-94.275	99.274	14	140	392	10
640	82.44	-92.125	21	97	325	20
641	46.91	-80.296	10	88	322	4
642	-53.222	-4.521	12	167	384	17
643	76.49	96.536	6	164	480	21
644	14.174	29.332	16	103	386	16
645	-89.304	89.958	2	287	475	3
646	-22.824	-21.204	22	178	416	7
647	83.216	-92.189	10	179	366	8
648	16.239	40.766	13	236	423	5
649	-20.067	-68.604	18	221	440	18
650	-92.925	98.325	7	157	379	5
651	-11.863	-56.628	8	159	471	14
652	-39.791	56.193	15	107	420	22
653	-50.249	-60.104	22	85	408	12
654	-35.18	-80.829	2	284	622	18
655	-90.25	40.768	11	98	401	16
656	42.105	-98.795	15	108	443	16
657	-31.408	7.254	18	162	458	22
658	2.781	18.751	10	234	438	2
659	-3.471	-86.017	4	174	381	13
660	28.144	23.47	17	110	423	4
661	41.835	-65.442	18	259	472	11
662	-93.179	4.737	4	237	553	22
663	2.066	-61.012	7	63	355	16
664	47.501	52.708	11	278	638	20
665	-53.054	-94.753	16	63	284	17
666	-91.997	-73.532	10	294	483	2
667	-96.936	-83.249	6	236	532	2
668	-76.721	-17.236	5	204	490	11
669	82.89	-36.693	2	254	479	23
670	38.756	-35.794	25	243	466	13
671	-90.517	-46.207	3	235	559	1
672	-48.373	35.985	13	170	375	18
673	11.339	-51.296	12	148	485	7
674	83.555	19.356	11	247	601	10
675	72.441	-2.372	14	266	567	5
676	-96.791	-78.424	4	276	622	8
677	-86.832	-11.309	24	226	542	9
678	52.342	-74.272	4	251	524	25
679	94.863	-15.902	6	86	282	15
680	-64.001	-73.34	3	188	472	13
681	-51.231	95.052	25	94	304	14
682	27.125	62.608	25	134	318	14
683	12.705	-51.504	8	199	391	6
684	76.524	-44.223	15	217	469	6
685	37.547	47.821	22	257	589	10
686	68.594	-64.714	8	203	463	17
687	44.539	-62.563	15	190	471	1
688	45.716	44.989	20	123	385	22
689	19.303	46.004	7	228	516	24
690	53.315	84.428	17	196	465	5
691	94.448	12.02	18	61	336	3
692	98.006	-50.426	20	134	403	7
693	51.58	-83.853	9	170	512	17
694	-11.546	-11.443	2	105	292	3
695	96.179	10.943	3	60	242	3
696	-96.827	-92.898	1	138	335	20
697	-28.577	-38.229	22	193	390	19
698	70.755	-15.449	11	258	560	17
699	62.427	-48.313	17	135	389	9
700	-50.574	0.269	2	167	384	6
701	58.424	-25.088	16	238	565	15
702	98.755	25.915	8	155	494	6
703	69.591	-33.555	3	223	571	13
704	1.029	33.041	24	114	427	24
705	-66.632	90.285	5	231	572	13
706	-27.517	43.353	9	256	567	5
707	-84.9	19.004	7	114	381	17
708	74.053	72.544	8	276	505	13
709	-87.341	-53.581	15	127	485	22
710	-90.673	45.421	25	158	465	17
711	-74.002	87.768	3	177	441	7
712	6.88	-72.567	4	178	358	12
713	-13.13	-27.904	4	234	506	20
714	-32.988	-49.306	8	174	517	1
715	80.828	46.386	4	216	569	19
716	20.338	-47.948	13	291	472	18
717	-23.864	-99.678	3	74	402	19
718	43.901	81.572	23	62	261	14
719	97.293	54.545	16	284	518	25
720	73.293	67.028	23	283	471	15
721	-85.69	-94.315	25	249	583	10
722	92.956	-49.492	16	163	384	2
723	-96.88	94.715	20	88	319	10
724	44.152	39.762	23	213	527	25
725	-77.11	-67.271	1	206	398	14
726	-58.578	88.41	17	138	366	25
727	19.55	62.192	14	248	473	10
728	-54.113	-36.396	12	102	319	14
729	8.603	41.57	19	95	278	8
730	51.993	95.206	15	145	384	16
731	-2.998	12.644	25	102	297	17
732	89.844	93.38	16	63	286	1
733	-90.092	-18.888	11	100	402	15
734	72.204	-84.995	19	222	427	23
735	94.546	15.682	5	139	330	2
736	-29.054	60.413	14	111	444	8
737	-94.964	-69.335	4	268	600	16
738	-85.699	-6.069	5	82	417	20
739	-74.102	-16.023	12	154	382	17
740	11.444	-24.162	15	89	431	12
741	90.632	-91.917	10	112	324	1
742	-87.194	-27.548	9	137	391	18
743	-38.496	53.39	15	133	470	4
744	0.244	34.508	13	147	391	6
745	82.714	-2.404	4	253	612	10
746	-86.24	-38.221	16	183	418	8
747	-40.358	95.983	15	125	431	3
748	60.362	12.009	15	197	525	14
749	-41.814	-35.507	10	285	628	1
750	-44.931	-48.819	2	127	393	3
751	-1.518	-60.245	11	135	396	25
752	-97.306	-85.12	21	119	402	9
753	-59.216	-76.728	21	241	521	11
754	2.944	27.865	6	257	522	9
755	-1.815	-28.618	23	287	544	2
756	14.772	-34.333	11	68	284	4
757	-93.305	81.219	5	268	474	18
758	21.682	56.76	15	117	328	15
759	-81.681	-13.241	2	222	408	14
760	-82.78	51.088	15	78	306	3
761	-90.044	22.294	8	268	563	20
762	-51.843	9.018	21	181	408	22
763	21.156	-71.808	8	201	412	23
764	57.009	84.16	8	263	475	3
765	26.939	-44.312	11	244	503	10
766	-7.621	-15.326	14	211	545	16
767	-7.742	-89.538	1	246	605	13
768	-55.465	-86.77	3	219	412	18
769	1.468	-10.815	9	116	457	14
770	-10.019	35.863	3	266	601	14
771	-22.616	59.792	23	146	328	11
772	-98.421	-41.306	7	133	348	17
773	-63.245	43.246	20	299	543	22
774	12.401	39.661	17	290	555	7
775	-52.339	-33.062	23	89	407	15
776	92.551	85.331	9	270	597	10
777	-56.601	-8.265	21	203	399	25
778	77.153	-32.68	23	83	407	1
779	-51.955	-8.922	13	134	423	15
780	62.772	7.112	23	167	356	17
781	-81.742	55.796	15	114	348	19
782	26.808	-84.637	21	159	414	18
783	-42.51	-81.025	24	172	483	15
784	60.602	18.444	20	207	474	16
785	-95.396	48.153	10	240	572	18
786	25.854	-56.71	20	165	386	13
787	-82.932	-7.78	5	141	479	23
788	-70.235	-46.037	24	103	453	14
789	-72.557	-72.361	12	167	383	2
790	52.846	-90.585	12	172	373	14
791	68.976	-73.162	2	288	601	23
792	25.264	67.217	16	201	493	23
793	-0.184	-68.613	11	175	447	21
794	-21.933	-99.252	3	261	456	16
795	39.996	-84.413	5	138	489	5
796	-81.853	-54.542	20	239	517	22
797	-52.328	-68.312	14	95	398	9
798	-70.749	98.758	20	246	553	22
799	-36.647	-14.48	1	193	538	4
800	72.371	-87.251	22	99	399	23
801	-21.307	-27.155	3	100	296	14
802	-12.329	93.292	23	223	474	13
803	87.596	62.407	24	171	422	13
804	65.011	-33.323	7	213	562	8
805	88.883	77.743	15	146	425	14
806	-53.959	-1.776	8	246	589	1
807	54.62	-24.851	4	224	441	19
808	-6.926	92.78	5	256	537	22
809	-55.676	80.947	11	231	444	21
810	-17.283	-35.353	24	99	355	4
811	77.763	68.909	23	71	359	18
812	-32.556	80.596	4	212	503	7
813	-88.189	86.867	16	171	402	13
814	99.613	-12.914	3	294	503	1
815	-47.986	-77.963	2	257	537	4
816	81.038	-77.772	4	129	439	20
817	79.817	-70.394	16	293	562	13
818	-55.196	-98.062	15	112	321	17
819	14.855	-40.905	2	154	423	5
820	48.238	84.78	16	158	417	4
821	0.521	86.924	11	258	517	24
822	-5.125	-90.067	25	163	489	20
823	28.527	-87.469	15	242	497	2
824	-87.395	-81.117	6	247	428	21
825	82.218	-56.418	10	166	443	21
826	-84.723	27.857	3	197	410	6
827	11.49	39.692	20	219	460	23
828	-97.121	86.382	9	297	550	5
829	79.243	-71.276	17	158	492	3
830	-61.792	-50.602	18	75	404	23
831	-14.5	-98.207	14	190	412	19
832	-45.703	-37.713	17	75	405	22
833	70.502	76.394	4	162	516	6
834	97.98	67.024	13	78	374	20
835	-61.021	89.911	17	230	493	6
836	78.976	32.602	7	94	324	2
837	59.431	-85.552	13	269	558	2
838	-5.172	-2.067	14	161	378	11
839	90.694	3.51	22	255	550	17
840	65.256	-87.516	15	285	584	14
841	-2.305	71.882	12	297	551	13
842	-59.035	-31.067	1	289	515	21
843	88.679	-48.253	25	188	526	21
844	-49.681	65.082	1	263	482	10
845	-41.876	-56.052	15	136	413	5
846	-21.293	-26.51	21	123	470	21
847	35.434	-1.656	20	100	319	21
848	77.094	-29.762	1	252	442	2
849	36.581	0.509	13	279	478	24
850	82.86	80.412	7	236	488	22
851	-70.793	-55.784	18	161	352	11
852	24.882	-71.033	4	97	423	1
853	-98.403	-9.15	15	235	578	18
854	-75.541	71.114	13	90	410	10
855	-93.29	72.691	10	233	456	12
856	36.254	-42.554	8	122	341	10
857	27.539	47.853	1	184	453	8
858	-35.84	-18.245	5	150	454	24
859	-89.646	38.88	10	258	554	6
860	-58.369	-49.188	25	254	482	3
861	-79.402	45.554	20	250	543	4
862	25.06	85.134	2	104	357	25
863	-54.308	38.462	7	64	336	9
864	30.891	2.279	6	87	421	22
865	76.095	-24.533	1	98	426	22
866	-71.455	-64.263	1	70	344	21
867	23.024	-13.305	23	125	481	17
868	1.144	-37.673	17	68	330	6
869	72.465	-97.364	18	294	527	17
870	1.591	85.03	7	180	409	9
871	28.627	87.496	10	199	402	13
872	95.023	7.713	25	143	414	1
873	92.84	51.916	14	243	505	8
874	-26.518	-81.234	13	292	630	3
875	-65.415	63.911	13	162	487	2
876	91.74	67.778	22	69	415	25
877	49.362	81.622	1	82	371	18
878	40.965	-52.002	21	157	459	17
879	92.763	4.676	8	71	347	10
880	-95.521	87.598	4	227	419	4
881	29.043	62.311	6	188	404	19
882	11.579	90.643	20	82	338	3
883	-46.218	-24.395	7	62	374	4
884	-52.379	74.558	20	147	365	24
885	12.607	-73.424	19	191	542	18
886	72.581	57.381	16	110	468	16
887	-48.449	-72.927	15	197	464	9
888	88.701	-56.744	2	161	361	9
889	-5.195	-55.451	7	205	396	9
890	-96.939	-75.255	15	167	506	23
891	52.671	53.461	20	68	354	19
892	0.425	-14.406	1	134	456	25
893	-70.705	-31.335	15	122	360	16
894	-22.011	-33.693	5	194	447	22
895	96.386	-15.166	13	176	447	7
896	-26.239	-21.55	21	132	407	15
897	37.487	86.108	19	183	473	20
898	99.416	42.287	12	139	346	24
899	33.538	73.894	15	269	620	17
900	79.146	-29.064	7	157	496	12
901	83.579	-69.662	15	138	444	10
902	-79.989	-57.908	17	65	378	5
903	83.003	-88.15	2	161	501	24
904	93.883	38.336	1	255	561	20
905	-23.142	54.674	20	153	485	5
906	-88.238	8.884	22	147	351	5
907	-82.47	75.066	20	175	527	8
908	59.622	-85.024	15	84	310	23
909	10.188	94.121	8	72	371	13
910	-52.136	75.658	16	227	416	10
911	-66.352	33.819	2	233	476	4
912	6.972	51.595	18	206	550	8
913	46.45	80.815	1	114	346	6
914	-40.8	-23.098	4	152	409	7
915	-75.672	11.211	17	292	488	21
916	-26.916	-43.507	22	81	265	21
917	43.236	43.495	7	276	534	20
918	10.082	-48.279	18	129	363	1
919	-1.311	96.818	14	259	573	1
920	13.43	49.487	6	272	617	3
921	-53.729	-7.135	3	107	459	2
922	98.727	86.448	23	65	321	17
923	-2.758	49.789	17	78	334	2
924	-22.032	57.255	3	257	584	19
925	-99.718	-51.352	6	226	438	6
926	83.845	82.034	5	110	439	22
927	-67.453	1.944	6	180	428	9
928	26.388	72.136	24	88	335	22
929	-42.297	77.803	22	173	476	16
930	-35.056	98.121	12	240	560	6
931	-55.637	-87.847	19	61	270	11
932	57.003	72.626	11	69	416	2
933	9.101	-65.636	21	189	522	14
934	61.482	82.311	1	64	300	14
935	75.246	78.313	6	87	315	9
936	-19.534	29.02	23	70	335	1
937	12.197	-31.876	9	177	390	8
938	-46.271	82.769	10	139	422	13
939	-14.331	-18.346	2	299	607	2
940	-15.875	40.335	21	242	468	5
941	91.309	97.7	6	288	531	5
942	-48.457	-97.863	14	120	321	13
943	41.392	31.252	7	134	424	12
944	-70.016	57.231	24	92	419	16
945	-12.815	47.951	12	206	560	6
946	-67.082	-31.21	14	250	486	15
947	-11.901	68.82	17	185	386	12
948	-10.911	82.393	9	101	410	22
949	94.518	-44.613	8	161	381	5
950	-51.298	-62.522	5	115	450	12
951	51.862	80.575	20	212	451	25
952	-65.968	72.266	1	65	402	1
953	17.455	-97.663	24	123	335	19
954	22.4	88.798	5	264	532	3
955	-69.017	-96.661	11	146	424	18
956	71.036	-77.636	7	103	390	21
957	61.371	44.518	10	161	354	18
958	-79.179	-13.884	11	68	273	23
959	-13.942	98.288	7	143	437	17
END_SECTION
VEHICLE_BATTERY_SECTION
0
END_SECTION
VEHICLE_CAPACITY_SECTION
175
END_SECTION
BATTERY_CONSUM_RATE_SECTION
1
END_SECTION
INVERSE_REFUELING_RATE_SECTION
0.38
END_SECTION
AVERAGE_VELOCITY_SECTION
1
END_SECTION
END_FILE
