NODE_COUNT_SECTION
874
END_SECTION
DEP_COUNT_SECTION
6
END_SECTION
DEP_SECTION
0	2.958	4.357	0	0	1000	0
1	21.494	-8.63	0	0	1000	0
2	-43.073	-18.094	0	0	1000	0
3	-10.406	-37.888	0	0	1000	0
4	35.384	-14.598	0	0	1000	0
5	-32.92	-39.615	0	0	1000	0
END_SECTION
RECHARGING_STATION_COUNT_SECTION
168
END_SECTION
RECHARGING_STATION_SECTION
0	-5.567	58.917	0	0	1000	0
1	-34.487	18.935	0	0	1000	0
2	-75.895	-66.133	0	0	1000	0
3	4.755	-15.953	0	0	1000	0
4	47.775	-1.556	0	0	1000	0
5	66.606	-54.537	0	0	1000	0
6	54.434	-17.941	0	0	1000	0
7	-93.326	-61.578	0	0	1000	0
8	-16.4	-10.704	0	0	1000	0
9	-27.774	-64.968	0	0	1000	0
10	-3.157	23.994	0	0	1000	0
11	92.103	-2.451	0	0	1000	0
12	-8.074	-23.996	0	0	1000	0
13	47.223	-39.377	0	0	1000	0
14	44.552	13.985	0	0	1000	0
15	-55.623	-94.229	0	0	1000	0
16	87.514	-94.445	0	0	1000	0
17	17.635	30.073	0	0	1000	0
18	-34.498	67.883	0	0	1000	0
19	-19.75	-97.782	0	0	1000	0
20	-67.192	-94.314	0	0	1000	0
21	-33.685	-54.095	0	0	1000	0
22	-80.519	21.408	0	0	1000	0
23	-47.104	-63.14	0	0	1000	0
24	9.876	-69.361	0	0	1000	0
25	42.625	72.804	0	0	1000	0
26	-24.291	-85.803	0	0	1000	0
27	34.161	-89.962	0	0	1000	0
28	93.744	6.28	0	0	1000	0
29	-29.776	-74.518	0	0	1000	0
30	-55.327	81.435	0	0	1000	0
31	32.456	-68.548	0	0	1000	0
32	69.103	79.992	0	0	1000	0
33	34.131	37.443	0	0	1000	0
34	67.724	-69.074	0	0	1000	0
35	-62.983	-82.022	0	0	1000	0
36	72.494	35.369	0	0	1000	0
37	26.56	-99.096	0	0	1000	0
38	31.593	26.036	0	0	1000	0
39	-10.07	91.845	0	0	1000	0
40	-59.136	-52.551	0	0	1000	0
41	4.137	63.34	0	0	1000	0
42	65.002	-98.467	0	0	1000	0
43	94.044	69.263	0	0	1000	0
44	15.275	91.611	0	0	1000	0
45	-70.466	-40.853	0	0	1000	0
46	-53.152	2.864	0	0	1000	0
47	0.693	-63.455	0	0	1000	0
48	-22.82	24.002	0	0	1000	0
49	-90.366	-91.252	0	0	1000	0
50	79.574	5.291	0	0	1000	0
51	73.48	-91.156	0	0	1000	0
52	-83.34	2.311	0	0	1000	0
53	44.081	42.986	0	0	1000	0
54	-10.177	34.066	0	0	1000	0
55	67.209	-17.722	0	0	1000	0
56	94.222	-22.26	0	0	1000	0
57	78.032	67.941	0	0	1000	0
58	32.632	-2.196	0	0	1000	0
59	-11.948	-75.404	0	0	1000	0
60	41.812	34.576	0	0	1000	0
61	77.686	-13.405	0	0	1000	0
62	-19.187	76.236	0	0	1000	0
63	80.391	30.232	0	0	1000	0
64	60.073	65.169	0	0	1000	0
65	-72.082	30.852	0	0	1000	0
66	29.082	-32.073	0	0	1000	0
67	-71.524	84.036	0	0	1000	0
68	-82.335	75.976	0	0	1000	0
69	-90.996	-18.151	0	0	1000	0
70	-88.883	-73.568	0	0	1000	0
71	91.102	79.586	0	0	1000	0
72	87.957	57.653	0	0	1000	0
73	3.748	-47.295	0	0	1000	0
74	30.574	94.747	0	0	1000	0
75	-85.883	57.384	0	0	1000	0
76	95.256	-58.093	0	0	1000	0
77	-20.232	38.218	0	0	1000	0
78	57.433	-10.279	0	0	1000	0
79	69.782	15.207	0	0	1000	0
80	-70.164	-6.631	0	0	1000	0
81	56.34	50.239	0	0	1000	0
82	48.226	-96.687	0	0	1000	0
83	77.339	-64.4	0	0	1000	0
84	-57.233	-66.034	0	0	1000	0
85	-66.332	14.217	0	0	1000	0
86	7.933	94.766	0	0	1000	0
87	10.993	22.6	0	0	1000	0
88	7.706	79.313	0	0	1000	0
89	42.939	58.114	0	0	1000	0
90	12.138	-94.911	0	0	1000	0
91	-42.151	52.45	0	0	1000	0
92	19.337	74.147	0	0	1000	0
93	30.776	70.3	0	0	1000	0
94	-39.111	-97.566	0	0	1000	0
95	61.578	37.741	0	0	1000	0
96	-97.112	-66.923	0	0	1000	0
97	-62.49	42.339	0	0	1000	0
98	-50.181	-10.554	0	0	1000	0
99	89.939	94.735	0	0	1000	0
100	58.739	-75.839	0	0	1000	0
101	-96.977	20.482	0	0	1000	0
102	12.635	59.741	0	0	1000	0
103	55.674	90.531	0	0	1000	0
104	-80.11	43.081	0	0	1000	0
105	-96.107	82.673	0	0	1000	0
106	68.222	48.048	0	0	1000	0
107	-24.725	58.853	0	0	1000	0
108	-7.249	76.608	0	0	1000	0
109	51.564	80.443	0	0	1000	0
110	97.226	19.354	0	0	1000	0
111	85.022	17.91	0	0	1000	0
112	-67.985	-25.009	0	0	1000	0
113	-59.524	95.622	0	0	1000	0
114	-49.659	94.234	0	0	1000	0
115	15.412	3.916	0	0	1000	0
116	-42.332	-37.226	0	0	1000	0
117	68.488	-2.728	0	0	1000	0
118	16.864	-28.077	0	0	1000	0
119	23.786	15.542	0	0	1000	0
120	-37.679	-5.759	0	0	1000	0
121	-21.582	-48.48	0	0	1000	0
122	-22.19	10.893	0	0	1000	0
123	-34.975	-71.511	0	0	1000	0
124	-82.593	-30.971	0	0	1000	0
125	48.063	-86.664	0	0	1000	0
126	-64.127	61.771	0	0	1000	0
127	-41.306	8.904	0	0	1000	0
128	-41.029	80.627	0	0	1000	0
129	-48.976	70.755	0	0	1000	0
130	-97.16	-30.831	0	0	1000	0
131	68.99	-43.914	0	0	1000	0
132	27.877	58.252	0	0	1000	0
133	-81.467	67.045	0	0	1000	0
134	94.868	38.293	0	0	1000	0
135	86.552	-5.186	0	0	1000	0
136	-88.701	-45.204	0	0	1000	0
137	-64.831	-3.163	0	0	1000	0
138	5.578	-82.893	0	0	1000	0
139	53.199	-79.9	0	0	1000	0
140	-27.559	93.98	0	0	1000	0
141	34.519	13.856	0	0	1000	0
142	95.793	-40.145	0	0	1000	0
143	40.905	-30.281	0	0	1000	0
144	-88.622	94.698	0	0	1000	0
145	95.269	-77.499	0	0	1000	0
146	70.54	95.639	0	0	1000	0
147	24.074	-82.105	0	0	1000	0
148	20.204	-61.028	0	0	1000	0
149	-35.519	36.678	0	0	1000	0
150	-81.062	-84.323	0	0	1000	0
151	-18.494	60.843	0	0	1000	0
152	81.936	36.73	0	0	1000	0
153	-1.141	-89.112	0	0	1000	0
154	82.257	-75.565	0	0	1000	0
155	-45.393	-78.166	0	0	1000	0
156	81.875	-46.052	0	0	1000	0
157	-93.459	-3.809	0	0	1000	0
158	55.465	25.044	0	0	1000	0
159	-95.753	39.486	0	0	1000	0
160	-60.071	24.287	0	0	1000	0
161	78.745	82.512	0	0	1000	0
162	7.342	49.879	0	0	1000	0
163	41.494	-59.894	0	0	1000	0
164	57.698	-33.502	0	0	1000	0
165	54.372	-66.802	0	0	1000	0
166	36.152	4.842	0	0	1000	0
167	42.111	-49.985	0	0	1000	0
END_SECTION
CLIENT_COUNT_SECTION
700
END_SECTION
CLIENT_SECTION
0	74.084	-92.707	19	64	196	14
1	-85.391	-41.099	3	341	481	7
2	-19.019	73.829	25	411	541	6
3	91.417	-78.613	15	434	607	15
4	-58.105	-99.094	16	62	241	4
5	-68.304	-99.5	14	80	250	18
6	1.319	-12.412	7	148	294	15
7	40.594	73.838	10	119	219	19
8	62.799	-97.408	5	440	587	21
9	-43.508	12.701	2	347	493	12
10	98.223	-28.432	5	354	448	14
11	14.699	-93.015	1	62	225	2
12	-7.204	58.457	22	190	316	16
13	86.188	-6.79	9	427	550	1
14	-21.896	-82.074	21	427	563	13
15	-50.762	-70.814	25	431	576	9
16	14.175	30.362	6	473	630	16
17	54.93	61.288	7	235	393	17
18	14.332	-96.502	5	455	580	7
19	66.721	77.701	8	94	263	21
20	67.205	-99.525	7	227	384	9
21	8.961	55.231	11	73	249	1
22	-64.678	-5.953	21	443	583	22
23	83.251	96.726	20	93	229	23
24	10.705	51.091	7	396	566	5
25	39.527	33.418	9	189	285	22
26	-90.927	34.188	17	297	463	25
27	68.209	47.883	16	334	475	2
28	-34.118	40.017	6	195	329	5
29	46.247	71.128	14	302	429	25
30	-1.038	86.615	10	387	559	19
31	74.803	87.639	15	368	517	1
32	-12.517	90.448	9	333	453	7
33	60.508	-67.424	22	353	483	16
34	-4.864	30.046	17	189	321	25
35	-28.949	-55.039	10	145	300	3
36	61.968	1.758	25	462	607	24
37	-98.943	24.046	20	292	471	23
38	-69.016	31.818	2	239	374	8
39	29.637	-79.41	2	435	579	1
40	-86.566	25.326	6	278	420	6
41	33.51	57.763	12	126	265	24
42	-79.948	25.016	3	399	505	17
43	80.163	-63.275	17	216	356	22
44	57.972	25.616	19	290	453	15
45	93.652	2.23	17	319	435	21
46	94.46	-60.208	6	121	222	9
47	47.884	24.603	21	174	296	23
48	-50.176	82.075	9	157	322	5
49	-89.608	95.015	23	315	409	22
50	92.423	-40.193	6	472	584	18
51	-0.501	-65.274	16	140	278	5
52	-95.448	22.658	3	470	615	10
53	52.683	-71.502	10	101	260	12
54	-94.324	95.423	22	98	203	19
55	-85.192	-70.444	20	346	473	17
56	-18.809	73.788	18	336	466	21
57	37.488	-26.737	4	62	214	11
58	-16.542	-9.378	17	295	472	9
59	73.01	79.06	12	442	583	11
60	57.599	-63.876	17	92	240	15
61	-82.957	69.635	20	129	298	14
62	47.029	81.865	3	299	416	13
63	-40.427	77.026	12	265	373	12
64	-84.828	12.622	5	144	289	5
65	-86.82	-0.579	11	150	308	16
66	-78.973	8.604	23	91	249	18
67	90.624	91.634	25	388	500	7
68	-41.893	35.336	20	245	341	6
69	93.578	-40.065	8	157	258	23
70	48.968	81.86	19	170	335	7
71	69.916	82.828	24	220	376	5
72	53.083	-73.968	5	362	479	15
73	-82.066	-47.093	19	295	442	17
74	-10.076	91.244	9	419	536	14
75	-85.392	53.845	11	421	579	7
76	40.007	-53.501	20	411	526	16
77	90.973	69.92	6	195	353	18
78	33.779	-2.021	16	240	364	15
79	-37.775	-94.489	18	422	555	21
80	-83.864	60.04	20	114	245	13
81	-36.933	-74.389	5	274	388	3
82	42.601	44.405	15	283	449	6
83	65.021	-61.702	21	451	628	22
84	80.272	7.945	15	340	465	14
85	24.168	56.346	25	126	295	13
86	25.619	-85.358	16	72	188	12
87	96.988	-23.376	2	344	520	11
88	15.308	-78.745	7	325	424	13
89	-5.725	98.029	3	337	435	12
90	8.942	47.79	10	142	234	12
91	93.229	-56.628	14	438	544	16
92	-67.492	67.397	7	169	295	19
93	14.55	17.927	20	407	530	8
94	65.696	-55.638	4	288	427	5
95	40.619	4.754	7	63	163	8
96	-71.289	78.803	2	186	313	14
97	10.761	98.509	22	314	492	7
98	55.675	79.829	13	428	543	21
99	-71.58	-25.113	17	252	342	3
100	-68.305	27.819	18	209	329	8
101	-33.383	-68.799	18	249	366	2
102	48.743	-88.385	14	250	384	22
103	85.241	36.525	7	122	246	1
104	20.633	-63.05	17	432	552	12
105	-70.084	-93.653	14	133	230	20
106	-19.112	18.589	17	454	558	23
107	69.617	-88.238	11	93	204	12
108	-59.575	56.148	23	83	255	18
109	-79.032	44.331	11	464	623	5
110	3.233	-85.855	24	231	360	6
111	-33.828	-54.756	21	86	230	12
112	-57.815	95.423	14	236	344	11
113	-80.983	8.608	16	266	374	2
114	-62.216	24.722	25	67	195	24
115	65.352	-42.195	8	466	592	21
116	-24.029	-86.522	18	94	255	19
117	43.724	35.137	24	94	247	20
118	-76.955	57.285	20	461	579	14
119	36.757	-91.708	10	154	317	3
120	74.254	46.745	4	227	350	19
121	-22.328	23.583	14	243	348	12
122	-68.704	-10.374	10	189	291	3
123	55.188	-6.377	23	265	363	25
124	29.352	26.456	14	203	320	21
125	34.232	-51.832	2	382	516	5
126	-15.721	-99.794	5	339	489	15
127	30.88	68.895	21	201	339	19
128	-67.398	-22.107	7	217	328	25
129	-74.02	66.123	21	323	421	25
130	35.631	56.065	12	134	281	11
131	20.082	-31.928	20	207	354	13
132	-91.145	-16.361	14	61	163	13
133	-46.35	-65.249	1	261	352	5
134	-35.894	83.238	7	149	240	1
135	60.148	-12.055	1	100	211	1
136	97.776	-55.695	21	470	648	14
137	81.851	-42.314	11	305	410	25
138	-60.161	-52.196	6	389	540	11
139	-53.23	82.653	6	270	378	10
140	-68.314	77.532	22	390	486	14
141	-23.869	63.341	12	184	323	22
142	44.528	-31.588	14	214	336	13
143	-41.317	-98.547	9	473	574	7
144	-95.385	-76.746	4	424	575	3
145	-65.33	-27.001	16	159	332	21
146	65.426	-46.647	4	403	502	5
147	89.084	90.582	7	87	267	10
148	95.279	-78.258	23	431	524	8
149	-22.748	56.886	5	310	456	19
150	95.652	79.957	7	170	311	20
151	-0.574	49.629	16	263	366	23
152	69.953	-43.937	21	424	571	3
153	81.351	-75.816	6	157	266	19
154	-33.98	-98.371	11	90	195	18
155	56.009	22.248	21	240	364	18
156	-41.659	70.92	8	408	542	7
157	9.104	46.132	19	131	310	25
158	85.991	-79.787	2	142	312	16
159	97.859	-29.878	10	128	268	13
160	40.441	72.236	25	113	278	17
161	99.84	91.509	9	270	446	4
162	21.294	30.79	15	359	532	15
163	-36.741	19.696	23	351	446	24
164	-61.825	36.798	3	280	386	1
165	-88.726	-29.777	5	133	237	1
166	38.068	5.766	4	233	404	14
167	46.04	0.256	16	340	462	17
168	92.206	40.249	24	350	460	6
169	-90.024	0.522	11	378	471	6
170	90.88	-20.403	24	369	483	24
171	43.504	-25.462	8	282	382	13
172	50.759	89.642	22	339	452	23
173	97.116	68.606	7	358	507	9
174	-21.122	-92.833	25	246	338	25
175	89.427	62.91	10	96	211	8
176	-86.07	-73.513	1	239	374	1
177	-99.842	42.574	16	346	511	5
178	-32.749	68.097	12	194	371	9
179	44.492	-58.551	11	260	413	12
180	52.476	-16.263	5	230	369	12
181	7.923	-79.931	13	103	251	7
182	-51.234	98.89	4	454	613	19
183	68.896	-24.555	14	75	225	17
184	-70.334	14.466	11	325	468	20
185	92.175	-32.504	18	231	358	1
186	-67.183	-85.464	5	212	326	14
187	-18.255	40.068	11	347	474	18
188	28.156	16.957	12	170	274	10
189	99.155	-40.36	19	333	484	21
190	31.742	-88.779	14	274	400	14
191	41.97	-48.127	12	225	323	8
192	-85.561	74.46	1	444	615	18
193	-50.378	-41.735	14	450	630	8
194	15.525	89.697	21	327	464	1
195	-20.325	-3.004	18	155	248	23
196	30.985	88.649	25	451	626	1
197	64.54	69.436	16	474	623	19
198	20.473	12.662	12	216	348	23
199	-58.783	-78.579	3	434	534	8
200	-0.156	-91.31	2	390	511	24
201	-23.11	-88.31	20	452	597	15
202	82.473	73.517	11	165	257	6
203	-74.69	-46.622	21	166	256	5
204	78.877	2.637	2	177	318	11
205	-84.13	-17.976	9	434	536	8
206	-26.288	-69.176	2	155	289	24
207	-52.882	74.039	11	457	616	6
208	88.046	-96.655	17	91	250	23
209	49.502	73.132	18	83	262	1
210	73.002	-90.161	15	173	328	7
211	-99.948	-35.172	16	394	547	5
212	-5.308	73.844	17	259	373	1
213	-27.018	29.836	11	378	468	9
214	-16.687	63.633	11	250	347	12
215	-74.851	22.2	24	330	504	15
216	37.726	-36.139	17	327	447	25
217	92.015	-88.751	10	308	448	10
218	-84.283	65.142	5	194	361	19
219	28.876	97.744	9	436	543	8
220	50.54	-50.782	23	153	263	9
221	92.612	-20.717	2	249	345	25
222	-69.211	61.949	10	90	195	19
223	-77.39	17.414	4	133	307	22
224	-72.777	-26.977	17	259	431	21
225	65.402	-71.541	6	477	596	23
226	80.937	17.967	15	169	317	16
227	65.063	-18.006	20	464	643	23
228	31.785	67.283	5	121	258	7
229	21.246	74.149	16	121	260	15
230	-27.866	90.879	22	467	637	5
231	-89.743	-64.36	15	142	261	19
232	37.016	11.084	9	125	239	3
233	-45.019	-65.001	8	416	516	21
234	-94.538	88.21	24	170	316	12
235	-60.03	-64.683	21	133	246	12
236	-77.116	-87.393	15	353	465	7
237	30.961	25.212	22	172	312	3
238	88.35	73.726	8	247	362	6
239	1.092	-66.161	25	317	476	24
240	98.151	-40.779	3	281	399	6
241	-65.864	97.466	25	402	566	3
242	-27.324	-71.071	12	431	562	15
243	-38.92	-0.325	12	410	583	7
244	79.962	71.346	19	219	340	9
245	68.653	51.982	21	162	332	18
246	-32.892	67.85	5	244	358	21
247	-77.002	23.265	5	153	285	20
248	64.795	34.396	17	176	269	24
249	-85.981	-83.378	7	255	409	7
250	-22.851	94.703	22	335	440	10
251	-98.845	-68.65	15	133	265	3
252	-3.15	-61.113	4	428	586	12
253	2.351	20.969	5	197	351	10
254	74.816	35.39	20	428	602	3
255	3.689	-45.783	14	155	284	18
256	74.515	-65.525	23	304	483	16
257	-38.551	3.414	17	343	516	25
258	89.536	-8.015	24	290	456	19
259	-45.516	-47.364	2	134	292	18
260	-92.327	-62.761	11	406	505	1
261	16.664	63.16	21	339	455	14
262	94.658	85.138	24	102	195	19
263	35.633	-94.707	1	304	406	18
264	27.3	-99.8	18	460	616	18
265	-21.608	-43.888	17	417	576	18
266	-7.08	36.36	11	220	384	11
267	-49.165	51.494	16	425	520	20
268	73.871	-3.865	13	151	245	19
269	-64.55	-37.346	23	175	316	18
270	28.653	-31.558	9	230	322	1
271	-95.378	-65.195	11	172	327	4
272	-64.505	-4.723	11	341	462	7
273	-2.126	-86.914	7	236	357	8
274	-72.12	-39.567	25	306	468	1
275	-61.826	17.196	8	250	355	15
276	54.19	92.606	2	389	516	6
277	-71.299	87.762	13	285	414	25
278	9.426	82.16	17	187	305	2
279	-61.942	40.794	21	306	400	6
280	-37.83	-4.877	11	326	443	4
281	29.664	74.723	3	208	354	2
282	95.311	8.941	20	73	190	22
283	13.562	55.902	12	103	283	13
284	-54.967	97.235	22	176	344	25
285	23.888	57.614	22	417	578	25
286	-92.166	-7.594	18	222	374	4
287	-3.36	22.781	17	355	449	13
288	47.966	-42.499	10	440	606	14
289	-58.114	-69.382	10	102	266	17
290	-43.371	-98.856	5	421	583	15
291	30.624	-90.159	22	174	344	8
292	-22.96	8.863	18	264	434	16
293	-75.528	38.83	20	67	195	25
294	68.606	-54.349	14	202	297	4
295	-7.186	-72.926	7	398	512	23
296	40.829	14.44	21	319	499	3
297	-11.067	98.63	7	385	508	11
298	-53.568	-0.194	4	446	620	13
299	-63.034	-61.32	1	428	572	8
300	22.981	-87.94	10	305	408	7
301	83.299	-94.737	24	326	473	5
302	-52.736	5.922	11	311	411	13
303	34.873	42.858	17	66	189	13
304	-93.817	-46.307	11	331	510	1
305	-19.172	66.231	8	356	528	1
306	-56.421	71.323	8	145	240	18
307	-91.908	-5.771	8	376	540	13
308	66.735	-1.172	7	75	183	25
309	70.21	34.699	16	318	495	14
310	86.436	81.823	3	464	638	20
311	58.852	67.729	3	294	411	10
312	-68.931	-4.17	19	320	472	24
313	87.312	-9.098	6	339	500	25
314	-23.398	-50.645	18	122	273	9
315	35.984	13.814	3	254	411	16
316	47.383	-84.943	7	354	498	19
317	35.815	-59.425	23	339	443	3
318	-71.534	-69.637	24	116	230	18
319	64.879	78.046	21	121	297	21
320	40.119	-48.851	6	366	515	6
321	-3.255	-65.375	12	112	233	10
322	-27.388	-98.386	8	291	431	22
323	-46.863	-78.123	10	404	541	14
324	53.996	78.309	9	172	298	5
325	73.958	68.388	1	339	505	25
326	-99.178	76.434	13	325	483	15
327	-35.969	98.475	13	411	505	11
328	-46.456	63.653	6	98	270	7
329	27.397	96.236	3	203	382	13
330	-31.492	-31.569	15	321	468	10
331	72.457	36.02	9	361	493	18
332	70.145	14.102	11	218	370	25
333	41.279	-31.478	20	241	400	24
334	-54.875	-93.984	7	247	394	21
335	31.852	56.907	5	323	465	2
336	27.776	-69.462	9	64	172	19
337	93.313	-58.826	1	421	519	23
338	-52.894	-9.224	21	224	381	9
339	16.913	-19.539	20	408	554	9
340	-23.339	-45.922	15	306	438	11
341	47.516	-2.595	3	288	449	20
342	-71.451	84.19	12	109	217	24
343	42.939	44.086	17	450	588	16
344	90.892	6.976	5	129	303	2
345	94.475	-14.032	2	108	275	19
346	96.118	-62.783	15	214	318	10
347	32.884	32.767	22	169	266	3
348	95.628	-74.185	12	324	439	7
349	73.149	15.133	3	274	421	7
350	17.437	29.068	15	303	417	22
351	-90.888	-23.329	3	286	390	4
352	-58.161	82.245	13	426	592	1
353	-94.372	-26.489	16	151	248	22
354	-87.738	0.754	2	194	352	3
355	-24.234	-99.803	1	303	428	2
356	1.565	57.538	5	428	573	16
357	81.892	-98.222	20	194	350	25
358	-30.597	-77.563	7	313	471	24
359	-28.128	-86.305	17	343	463	2
360	34.636	36.706	25	97	231	1
361	-9.123	-11.934	25	86	258	21
362	-74.312	-84.969	14	466	596	15
363	29.769	4.007	13	103	197	20
364	90.018	7.798	25	151	326	11
365	-35.369	-50.203	23	370	521	1
366	-83.133	-7.085	16	336	451	10
367	44.776	17.79	23	132	285	13
368	15.914	90.127	2	387	558	10
369	93.588	-24.56	12	210	384	10
370	-79.97	-27.419	3	201	315	7
371	61.308	-49.127	15	138	277	11
372	49.296	-32.369	5	81	197	18
373	-33.139	15.078	12	375	480	11
374	78.92	-75.925	4	420	555	18
375	91.597	-93.647	18	314	452	22
376	-20.081	36.414	16	364	503	15
377	-32.69	-71.275	9	73	246	9
378	-74.893	25.547	3	358	528	9
379	68.169	92.317	24	297	419	10
380	63.195	88.703	14	449	580	25
381	-31.082	-75.606	13	383	485	19
382	2.185	65.226	2	391	554	21
383	46.353	62.76	17	181	333	23
384	43.747	14.358	1	263	353	1
385	-30.091	58.529	18	166	289	4
386	-76.392	52.814	13	358	498	16
387	26.829	-79.069	25	376	527	1
388	-54.85	-94.611	19	230	394	5
389	-69.793	16.647	16	248	366	4
390	-95.128	15.204	16	98	228	7
391	-96.939	-59.88	11	362	505	8
392	10.24	60.202	24	330	508	2
393	86.488	52.396	9	393	497	5
394	46.705	40.467	14	147	322	4
395	42.187	35.175	6	197	337	23
396	-4.92	82.365	5	225	349	8
397	90.417	77.288	18	285	460	10
398	81.37	66.104	9	169	273	16
399	-95.856	84.917	17	350	526	9
400	-24.239	10.933	6	462	571	25
401	10.148	-69.375	1	440	593	23
402	69.268	-92.835	1	341	444	1
403	81.323	82.515	17	440	589	16
404	-91.124	57.055	14	251	406	4
405	-59.739	78.768	21	454	550	9
406	7.629	-93.704	24	151	249	16
407	-50.842	94.355	14	369	490	21
408	86.088	-93.24	15	358	502	14
409	53.219	80.468	25	100	229	4
410	26.456	90.065	7	118	234	7
411	-63.188	-89.787	5	466	574	10
412	-91.984	91.345	2	163	257	14
413	-85.132	-83.632	21	361	511	1
414	-67.259	70.021	21	459	608	19
415	-94.902	18.252	22	102	214	3
416	-44.857	72.118	11	315	446	18
417	-85.45	24.966	11	70	182	19
418	56.631	-19.971	3	307	445	20
419	-74.653	-61.841	23	111	246	19
420	-19.964	74.334	4	319	473	11
421	-8.628	-73.405	3	93	260	4
422	-62.044	91.616	20	281	414	15
423	-51.124	-9.936	9	290	435	17
424	-10.371	21.922	21	394	541	15
425	-33.581	22.033	7	147	262	9
426	76.331	66.081	21	408	566	24
427	-94.292	-59.31	24	301	470	14
428	-12.886	34.229	3	73	235	8
429	-38.653	-9.623	14	183	346	5
430	45.798	-46.814	14	402	520	6
431	-18.696	53.441	19	218	380	4
432	36.052	-84.453	15	141	253	2
433	-14.836	84.754	10	293	419	17
434	-48.891	-72.231	11	427	533	23
435	-2.449	-46.843	19	124	270	18
436	-90.12	-94.488	6	205	359	6
437	-41.857	10.597	18	222	364	4
438	75.851	-14.05	23	140	278	18
439	17.219	70.453	7	348	484	2
440	86.853	-22.834	9	95	207	23
441	-55.769	-62.537	15	94	190	6
442	-29.582	9.923	18	100	249	20
443	80.153	-94.008	18	350	510	22
444	78.472	24.374	8	68	191	17
445	84.718	-0.108	24	167	316	19
446	-36.891	-71.581	18	257	414	23
447	-30.426	-71.514	24	276	414	8
448	-75.767	17.125	3	445	564	5
449	-90.735	-89.994	9	95	195	6
450	-16.043	11.897	4	61	178	13
451	61.774	45.584	22	104	211	1
452	84.94	-44.101	24	71	177	5
453	-78.252	73.645	22	87	250	22
454	-38.581	-54.186	11	383	524	13
455	-44.891	55.778	11	62	164	13
456	10.077	59.703	20	332	454	17
457	-54.771	28.069	21	382	503	19
458	58.478	-65.822	6	139	278	10
459	-63.358	56.21	13	152	262	16
460	-42.26	81.895	19	375	518	22
461	66.834	16.169	2	99	189	4
462	-95.577	-48.61	9	227	352	14
463	-81.715	-59.618	10	143	278	6
464	-87.733	65.272	19	195	326	19
465	-27.88	88.512	23	239	380	11
466	-79.082	-35.717	17	204	302	4
467	-18.956	82.995	17	117	237	19
468	53.347	-80.886	4	251	373	17
469	78.706	62.899	15	85	202	10
470	-93.858	84.063	12	103	240	24
471	-81.506	48.279	25	222	386	8
472	73.426	67.258	6	398	499	8
473	-85.113	75.876	13	426	549	21
474	14.803	-93.723	18	266	440	5
475	-18.133	-75.826	21	279	435	12
476	-81.99	34.725	24	438	562	18
477	15.396	-94.275	15	191	284	12
478	6.919	49.401	23	227	334	5
479	43.544	54.085	21	249	402	12
480	58.584	41.057	20	390	481	20
481	-92.593	-88.035	18	467	565	22
482	-11.517	73.616	22	183	331	3
483	46.228	59.549	23	68	182	9
484	-64.271	25.363	8	292	406	8
485	96.585	99.876	14	97	266	11
486	48.199	-66.19	21	172	273	18
487	98.848	5.459	18	192	366	21
488	22.73	17.008	19	360	498	11
489	-51.58	72.48	15	98	189	9
490	20.601	5.568	12	131	256	23
491	-56.926	96.371	12	140	255	21
492	-38.125	54.065	17	364	528	2
493	-85.907	69.385	2	387	533	7
494	76.532	-14.023	19	63	184	6
495	-27.029	-64.359	20	150	293	7
496	-22.189	56.659	17	111	205	10
497	28.243	98.488	7	241	397	11
498	55.721	-80.846	18	247	358	20
499	-45.097	-5.825	15	452	595	10
500	75.217	-40.913	25	144	293	10
501	-83.497	60.894	1	319	453	19
502	11.502	22.501	25	60	223	13
503	-17.98	-53.465	20	108	253	22
504	69.921	-68.229	12	275	422	7
505	17.277	-26.725	20	268	426	8
506	96.641	-54.416	18	100	204	22
507	-6.867	60.353	16	117	209	22
508	95.695	20.835	10	275	421	1
509	-37.852	67.702	4	459	567	23
510	5.934	-43.529	13	239	357	3
511	83.401	-48.447	17	206	329	19
512	37.137	-67.634	20	165	295	8
513	-58.111	-52.906	15	442	538	9
514	65.765	35.182	14	453	608	25
515	-15.571	-97.576	16	477	654	10
516	29.986	29.419	19	154	302	15
517	62.218	40.494	17	442	595	8
518	27.576	56.377	19	472	572	24
519	26.272	64.509	20	277	404	4
520	-82.768	-82.24	19	373	483	6
521	-72.823	-42.271	6	428	519	8
522	-60.632	-61.929	3	155	316	8
523	93.692	36.541	8	88	268	16
524	-59.083	45.615	12	154	300	9
525	-28.194	94.305	5	247	339	18
526	-63.98	50.321	19	229	370	10
527	76.63	98.807	6	413	561	8
528	-13.492	-21.052	11	101	242	15
529	56.532	37.577	2	113	254	6
530	-96.753	39.927	25	211	315	5
531	81.262	92.941	20	104	282	5
532	67.85	-67.45	11	385	528	19
533	-86.65	-42.91	12	158	292	25
534	30.559	16.671	3	335	433	5
535	15.823	-63.85	10	457	608	9
536	8.191	-19.494	11	470	634	13
537	-88.013	-92.49	7	371	547	3
538	34.122	-0.198	3	167	283	5
539	-38.902	80.92	8	195	310	2
540	-9.06	-76.234	10	211	355	20
541	8.162	82.077	11	246	424	15
542	17.79	97.631	5	84	210	23
543	51.051	80.855	23	332	473	18
544	-65.167	3.351	14	340	441	4
545	57.736	49.495	19	467	560	10
546	70.991	82.325	24	316	439	9
547	59.082	61.456	13	315	432	22
548	-2.629	57.943	11	346	472	11
549	48.441	-96.47	3	229	373	25
550	48.767	-65.998	22	139	292	21
551	62.961	65.939	12	449	552	22
552	-30.005	-61.369	6	293	418	1
553	56.965	-12.403	4	404	495	21
554	55.189	-86.393	14	273	384	17
555	97.08	14.572	25	278	371	25
556	-73.901	66.714	1	80	180	5
557	-53.707	-89.069	2	103	201	20
558	-10.168	89.777	17	395	562	12
559	-73.259	-72.801	22	161	326	24
560	98.754	-78.94	2	266	430	10
561	10.348	98.016	10	73	217	25
562	-85.055	0.511	15	254	358	21
563	69.002	15.424	1	460	582	23
564	89.661	-95.858	7	283	452	21
565	46.259	-39.264	24	104	231	10
566	36.343	73.687	14	87	201	19
567	13.799	88.642	21	169	269	10
568	-9.948	-15.376	3	359	501	25
569	-97.065	77.297	25	373	488	10
570	80.676	-12.14	1	60	218	18
571	-97.818	-14.935	21	135	245	17
572	-95.487	41.255	6	132	229	18
573	-29.447	-76.833	11	353	518	13
574	72.278	-47.104	7	181	339	3
575	-31.698	-56.287	9	127	290	22
576	-18.126	12.849	4	204	312	20
577	0.462	24.254	2	192	322	7
578	60.393	-38.926	8	90	193	1
579	-26.058	-13.826	24	453	577	5
580	-4.653	33.155	8	364	507	7
581	-52.289	-71.567	6	321	474	13
582	-36.42	48.463	21	430	561	12
583	5.974	-98.244	23	454	597	14
584	86.543	30.098	1	429	522	13
585	48.995	-5.955	2	475	616	20
586	-58.864	-96.071	16	106	201	3
587	48.366	9.247	5	429	553	21
588	61.481	-37.442	17	293	429	20
589	-46.407	91.37	4	230	378	9
590	59.998	27.71	20	229	333	6
591	2.69	87.775	5	153	276	3
592	8.661	67.257	7	241	357	19
593	-74.881	43.004	20	118	223	10
594	77.309	-49.345	16	420	547	4
595	78.632	36.936	16	100	237	13
596	-82.818	45.084	15	116	247	11
597	78.147	32.712	23	254	353	11
598	10.224	2.264	13	399	557	25
599	-70.145	56.89	23	329	463	4
600	74.756	-88.984	10	257	391	1
601	54.197	-17.588	4	229	390	8
602	44.176	-61.706	12	342	514	13
603	-2.656	-26.939	3	406	525	6
604	-47.658	80.058	4	182	291	20
605	-16.733	-78.625	19	102	215	15
606	45.374	-43.374	7	273	365	20
607	-63.373	8.559	14	205	369	19
608	-82.867	24.738	22	128	241	16
609	-68.075	82.907	20	80	226	2
610	-65.524	-6.028	18	130	233	4
611	67.669	-10.604	6	197	292	9
612	9.604	-69.346	18	325	431	6
613	70.494	92.739	4	154	328	17
614	-41.939	-28.233	15	159	326	14
615	-94.464	55.188	5	270	447	21
616	71.378	-7.631	17	346	492	25
617	92.418	-2.559	18	214	329	14
618	-56.02	64.336	6	191	361	13
619	-73.319	89.427	3	464	581	6
620	-86.421	36.089	18	303	448	13
621	80.11	77.382	3	122	236	2
622	-78.314	-66.764	25	98	254	3
623	-50.152	92.324	6	208	337	18
624	90.021	20.137	1	132	263	19
625	48.551	2.072	19	368	500	12
626	-70.862	34.035	12	347	456	5
627	-78.571	97.012	4	152	331	1
628	4.546	74.387	1	304	448	4
629	56.598	-75.678	12	99	278	10
630	48.012	-96.903	25	416	582	14
631	54.554	91.175	1	257	351	12
632	-22.592	97.009	10	297	475	3
633	-40.425	-84.142	19	320	412	4
634	-96.147	85.117	19	174	331	13
635	-16.086	32.521	24	155	320	15
636	-53.334	-92.54	7	140	311	4
637	-80.411	79.923	12	301	462	19
638	36.073	23.057	8	74	226	2
639	91.789	-2.343	9	77	239	20
640	54.001	-26.791	14	305	471	14
641	-35.312	-8.209	17	443	579	18
642	57.757	49.143	12	168	294	25
643	48.656	-77.407	13	230	353	4
644	51.01	79.916	7	103	277	25
645	-82.843	46.23	13	404	560	12
646	13.184	-34.115	23	249	373	22
647	-14.461	-98.299	11	169	302	15
648	19.547	77.841	22	293	403	25
649	24.157	-56.183	15	461	638	1
650	60.881	-75.999	24	296	430	18
651	96.525	-16.1	2	135	253	4
652	66.87	98.694	10	151	268	9
653	78.402	33.744	5	398	548	18
654	6.929	27.372	24	302	440	7
655	-15.129	95.27	12	369	532	6
656	-59.024	18.995	16	406	548	22
657	86.767	99.739	2	149	255	11
658	-72.855	-5.349	19	324	421	21
659	9.28	-59.348	1	230	410	1
660	-69.612	-43.709	15	228	337	12
661	-19.421	60.067	20	339	497	15
662	-98.196	13.441	10	420	555	11
663	99.279	-46.969	17	122	214	16
664	84.11	15.628	6	134	291	25
665	65.717	-42.687	5	308	446	17
666	72.403	-51.869	11	152	323	15
667	-49.943	-59.169	25	324	417	19
668	-83.83	43.737	25	298	458	5
669	29.512	-32.588	23	375	535	5
670	-76.915	87.634	1	309	450	21
671	8.693	78.631	2	217	324	1
672	-99.736	-2.391	3	328	446	11
673	45.042	14.091	17	142	240	8
674	82.767	-70.732	2	398	505	24
675	-22.36	38.172	5	119	245	23
676	-71.355	33.756	16	163	307	7
677	-78.058	32.141	8	67	173	18
678	92.102	94.875	10	208	338	3
679	85.006	-1.915	14	214	325	13
680	-59.954	61.217	12	446	620	20
681	-78.311	39.102	16	268	421	18
682	-30.546	34.681	25	395	509	21
683	7.82	-53.023	11	379	497	11
684	53.529	52.079	13	187	326	11
685	-68.997	-35.598	13	101	216	8
686	-62.837	-23.844	19	96	273	14
687	-99.241	29.294	25	96	216	13
688	98.708	38.09	5	364	499	1
689	-65.616	38.17	20	449	588	25
690	29.996	-4.369	19	349	509	2
691	-80.677	5.367	19	149	284	23
692	41.487	97.302	10	82	193	15
693	13.35	91.958	25	241	365	6
694	25.821	-98.392	15	106	220	25
695	-77.758	44.747	14	150	261	6
696	98.904	22.657	8	235	398	18
697	54.918	-30.848	10	351	491	18
698	-51.606	-17.231	19	170	324	3
699	-64.28	-2.458	21	214	316	9
END_SECTION
VEHICLE_BATTERY_SECTION
0
END_SECTION
VEHICLE_CAPACITY_SECTION
180
END_SECTION
BATTERY_CONSUM_RATE_SECTION
1
END_SECTION
INVERSE_REFUELING_RATE_SECTION
0.38
END_SECTION
AVERAGE_VELOCITY_SECTION
1
END_SECTION
END_FILE
