NODE_COUNT_SECTION
1766
END_SECTION
DEP_COUNT_SECTION
6
END_SECTION
DEP_SECTION
0	44.306	-25.952	0	0	1000	0
1	-32.403	14.042	0	0	1000	0
2	37.663	13.769	0	0	1000	0
3	-15.104	12.111	0	0	1000	0
4	32.413	24.218	0	0	1000	0
5	10.846	-42.185	0	0	1000	0
END_SECTION
RECHARGING_STATION_COUNT_SECTION
880
END_SECTION
RECHARGING_STATION_SECTION
0	74.398	2.692	0	0	1000	0
1	-28.344	-17.432	0	0	1000	0
2	-50.075	39.237	0	0	1000	0
3	79.59	82.393	0	0	1000	0
4	61.698	-53.092	0	0	1000	0
5	-63.955	-22.283	0	0	1000	0
6	75.778	-69.433	0	0	1000	0
7	22.586	-83.907	0	0	1000	0
8	-86.788	-27.145	0	0	1000	0
9	-81.831	-39.166	0	0	1000	0
10	19.863	24.925	0	0	1000	0
11	-63.5	16.599	0	0	1000	0
12	96.287	-67.422	0	0	1000	0
13	46.465	82.227	0	0	1000	0
14	94.992	-93.873	0	0	1000	0
15	70.484	83.028	0	0	1000	0
16	8.301	-97.197	0	0	1000	0
17	84.535	83.563	0	0	1000	0
18	-31.382	-53.353	0	0	1000	0
19	-76.44	-30.377	0	0	1000	0
20	98.978	24.314	0	0	1000	0
21	72.157	-61.097	0	0	1000	0
22	-52.145	-54.455	0	0	1000	0
23	-82.192	-24.92	0	0	1000	0
24	-34.223	-7.639	0	0	1000	0
25	12.413	49.052	0	0	1000	0
26	65.409	32.804	0	0	1000	0
27	-49.305	-60.586	0	0	1000	0
28	-89.514	-7.337	0	0	1000	0
29	79.734	34.981	0	0	1000	0
30	-92.319	13.061	0	0	1000	0
31	-22	55.634	0	0	1000	0
32	57.728	78.306	0	0	1000	0
33	-91.824	-57.099	0	0	1000	0
34	-17.173	-57.77	0	0	1000	0
35	98.536	74.341	0	0	1000	0
36	80.134	-34.37	0	0	1000	0
37	-81.105	63.758	0	0	1000	0
38	72.739	-98.718	0	0	1000	0
39	-96.412	72.897	0	0	1000	0
40	19.351	83.622	0	0	1000	0
41	-95.833	32.825	0	0	1000	0
42	32.024	-65.238	0	0	1000	0
43	-59.011	49.719	0	0	1000	0
44	-21.061	-62.843	0	0	1000	0
45	-51.674	-88.581	0	0	1000	0
46	24.641	-77.076	0	0	1000	0
47	-83.013	88.023	0	0	1000	0
48	50.435	-81.865	0	0	1000	0
49	-49.351	11.697	0	0	1000	0
50	-64.821	-42.687	0	0	1000	0
51	51.49	32.538	0	0	1000	0
52	78.986	5.467	0	0	1000	0
53	49.127	95.298	0	0	1000	0
54	12.855	-5.226	0	0	1000	0
55	-18.273	68.258	0	0	1000	0
56	0.272	-24.782	0	0	1000	0
57	92.088	-82.543	0	0	1000	0
58	92.321	-12.63	0	0	1000	0
59	87.652	-81.329	0	0	1000	0
60	12.393	35.304	0	0	1000	0
61	94.671	-55.65	0	0	1000	0
62	-73.793	62.268	0	0	1000	0
63	77.979	-47.487	0	0	1000	0
64	-50.435	-72.255	0	0	1000	0
65	-88.727	11.618	0	0	1000	0
66	-98.309	-98.872	0	0	1000	0
67	-80.669	14.506	0	0	1000	0
68	-40.123	-34.209	0	0	1000	0
69	18.178	45.924	0	0	1000	0
70	-33.767	-26.121	0	0	1000	0
71	-0.83	24.55	0	0	1000	0
72	71.51	-76.041	0	0	1000	0
73	-93.487	-8.037	0	0	1000	0
74	-62.462	36.497	0	0	1000	0
75	33.705	-24.84	0	0	1000	0
76	-97.518	-51.281	0	0	1000	0
77	-77.523	-69.189	0	0	1000	0
78	-66.109	-92.951	0	0	1000	0
79	29.145	75.018	0	0	1000	0
80	-43.613	98.877	0	0	1000	0
81	-13.693	-77.74	0	0	1000	0
82	-29.092	-73.952	0	0	1000	0
83	-59.931	79.215	0	0	1000	0
84	63.509	81.027	0	0	1000	0
85	89.689	-76.777	0	0	1000	0
86	25.765	-63.018	0	0	1000	0
87	87.684	72.051	0	0	1000	0
88	60.187	-44.204	0	0	1000	0
89	-23.442	91.116	0	0	1000	0
90	40.372	89.616	0	0	1000	0
91	-75.122	-17.393	0	0	1000	0
92	73.83	75.837	0	0	1000	0
93	-74.374	86.281	0	0	1000	0
94	-37.843	-84.149	0	0	1000	0
95	19.354	-7.134	0	0	1000	0
96	50.717	81.312	0	0	1000	0
97	-73.54	-59.72	0	0	1000	0
98	-28.217	-93.019	0	0	1000	0
99	-19.089	57.813	0	0	1000	0
100	19.923	-91.844	0	0	1000	0
101	47.511	-84.832	0	0	1000	0
102	-16.981	69.551	0	0	1000	0
103	-18.664	33.174	0	0	1000	0
104	-67.235	91.064	0	0	1000	0
105	28.908	73.689	0	0	1000	0
106	44.676	-84.053	0	0	1000	0
107	8.477	-9.628	0	0	1000	0
108	-60.378	-13.467	0	0	1000	0
109	-52.375	-32.332	0	0	1000	0
110	-23.535	-46.021	0	0	1000	0
111	16.938	-65.821	0	0	1000	0
112	83.435	-63.765	0	0	1000	0
113	-60.326	-81.289	0	0	1000	0
114	-51.889	-69.908	0	0	1000	0
115	-15.767	-87.689	0	0	1000	0
116	97.014	54.023	0	0	1000	0
117	65.406	-79.043	0	0	1000	0
118	-43.499	74.997	0	0	1000	0
119	60.211	86.287	0	0	1000	0
120	-0.885	-96.702	0	0	1000	0
121	37.168	75.667	0	0	1000	0
122	-15.723	-86.624	0	0	1000	0
123	-11.834	23.295	0	0	1000	0
124	-55.227	-43.313	0	0	1000	0
125	-47.345	32.97	0	0	1000	0
126	-69.543	2.916	0	0	1000	0
127	-29.019	40.365	0	0	1000	0
128	-2.71	93.995	0	0	1000	0
129	-43.454	90.189	0	0	1000	0
130	88.091	11.886	0	0	1000	0
131	7.563	-98.034	0	0	1000	0
132	-54.865	-79.097	0	0	1000	0
133	-77.274	-43.105	0	0	1000	0
134	-84.757	81.79	0	0	1000	0
135	-2.629	-67.495	0	0	1000	0
136	50.528	78.183	0	0	1000	0
137	37.707	98.965	0	0	1000	0
138	-95.286	62.158	0	0	1000	0
139	-59.416	-6.597	0	0	1000	0
140	13.186	91.277	0	0	1000	0
141	-18.092	-60.229	0	0	1000	0
142	75.747	12.289	0	0	1000	0
143	-84.96	-86.749	0	0	1000	0
144	-40.311	-76.732	0	0	1000	0
145	97.655	61.4	0	0	1000	0
146	-58.494	-74.726	0	0	1000	0
147	57.07	84.299	0	0	1000	0
148	-76.258	-98.432	0	0	1000	0
149	-19.787	-16.937	0	0	1000	0
150	-56.943	-91.321	0	0	1000	0
151	61.143	-50.147	0	0	1000	0
152	41.27	-93.797	0	0	1000	0
153	0.765	68.327	0	0	1000	0
154	22.652	-12.459	0	0	1000	0
155	-49.373	-11.169	0	0	1000	0
156	82.417	-12.685	0	0	1000	0
157	-44.852	-24.038	0	0	1000	0
158	-23.094	-82.944	0	0	1000	0
159	-96.489	-68.407	0	0	1000	0
160	-0.725	-52.985	0	0	1000	0
161	77.578	22.849	0	0	1000	0
162	-65.714	0.841	0	0	1000	0
163	-53.707	-43.512	0	0	1000	0
164	-15.875	-57.184	0	0	1000	0
165	-51.839	-70.497	0	0	1000	0
166	-98.22	42.876	0	0	1000	0
167	-89.776	-62.296	0	0	1000	0
168	-81.043	-26.338	0	0	1000	0
169	-49.509	-87.155	0	0	1000	0
170	-12.5	42.259	0	0	1000	0
171	85.553	10.064	0	0	1000	0
172	-16.781	-37.596	0	0	1000	0
173	-39.146	93.141	0	0	1000	0
174	-67.551	-35.844	0	0	1000	0
175	28.793	83.633	0	0	1000	0
176	-51.802	43.962	0	0	1000	0
177	19.754	63.128	0	0	1000	0
178	5.154	32.394	0	0	1000	0
179	49.076	45.315	0	0	1000	0
180	-67.541	90.141	0	0	1000	0
181	-76.329	-17.343	0	0	1000	0
182	88.549	28.026	0	0	1000	0
183	11.451	-67.094	0	0	1000	0
184	67.156	-39.168	0	0	1000	0
185	74.817	-17.028	0	0	1000	0
186	-94.906	-31.706	0	0	1000	0
187	69.783	45.476	0	0	1000	0
188	-99.324	90.437	0	0	1000	0
189	2.646	-18.594	0	0	1000	0
190	-98.794	97.084	0	0	1000	0
191	-8.744	35.989	0	0	1000	0
192	-70.657	-56.623	0	0	1000	0
193	-8.899	-70.758	0	0	1000	0
194	-31.421	-20.414	0	0	1000	0
195	90.593	91.792	0	0	1000	0
196	-69.661	40.475	0	0	1000	0
197	35.422	-75.577	0	0	1000	0
198	-13.872	52.023	0	0	1000	0
199	-80.864	-18.014	0	0	1000	0
200	-49.906	62.928	0	0	1000	0
201	44.92	-84.784	0	0	1000	0
202	-79.066	-41.935	0	0	1000	0
203	44.448	-72.234	0	0	1000	0
204	38.066	52.314	0	0	1000	0
205	-67.918	-43.582	0	0	1000	0
206	87.472	70.413	0	0	1000	0
207	35.435	-5.409	0	0	1000	0
208	78.102	-87.657	0	0	1000	0
209	-69.842	-91.787	0	0	1000	0
210	86.062	-87.463	0	0	1000	0
211	-12.736	-80.323	0	0	1000	0
212	-38.426	-31.846	0	0	1000	0
213	-49.366	10.733	0	0	1000	0
214	10.482	41.389	0	0	1000	0
215	4.337	97.717	0	0	1000	0
216	62.209	74.82	0	0	1000	0
217	-37.401	95.287	0	0	1000	0
218	-31.234	84.347	0	0	1000	0
219	75.098	56.919	0	0	1000	0
220	-40.335	18.837	0	0	1000	0
221	77.002	18.75	0	0	1000	0
222	-10.169	59.236	0	0	1000	0
223	98.485	-65.939	0	0	1000	0
224	-52.459	-11.012	0	0	1000	0
225	-21.474	-95.484	0	0	1000	0
226	15.295	86.941	0	0	1000	0
227	19.363	-72.907	0	0	1000	0
228	-30.405	63.795	0	0	1000	0
229	58.593	-82.985	0	0	1000	0
230	-67.986	16.297	0	0	1000	0
231	-31.951	-79.813	0	0	1000	0
232	-86.817	97.642	0	0	1000	0
233	16.247	-10.061	0	0	1000	0
234	-57.99	81.81	0	0	1000	0
235	-78.809	40.467	0	0	1000	0
236	-86.391	-68.107	0	0	1000	0
237	13.192	16.269	0	0	1000	0
238	-91.165	48.88	0	0	1000	0
239	-15.488	-64.646	0	0	1000	0
240	-18.252	65.455	0	0	1000	0
241	-67.752	1.392	0	0	1000	0
242	-85.39	64.069	0	0	1000	0
243	-68.14	79.243	0	0	1000	0
244	43.244	75.441	0	0	1000	0
245	-53.04	73.969	0	0	1000	0
246	34.769	-35.124	0	0	1000	0
247	80.289	59.159	0	0	1000	0
248	-63.871	63.521	0	0	1000	0
249	89.372	87.509	0	0	1000	0
250	-0.248	96.123	0	0	1000	0
251	55.39	-97.293	0	0	1000	0
252	-44.258	-60.83	0	0	1000	0
253	41.174	-80.199	0	0	1000	0
254	-81.241	25.64	0	0	1000	0
255	-89.674	7.85	0	0	1000	0
256	-91.676	46.272	0	0	1000	0
257	-73.38	-65.62	0	0	1000	0
258	-25.887	-60.834	0	0	1000	0
259	-76.044	-90.242	0	0	1000	0
260	65.403	96.59	0	0	1000	0
261	-14.491	79.658	0	0	1000	0
262	30.821	-11.012	0	0	1000	0
263	45.616	56.096	0	0	1000	0
264	79.954	-65.261	0	0	1000	0
265	-80.909	99.697	0	0	1000	0
266	-61.495	56.748	0	0	1000	0
267	91.835	32.607	0	0	1000	0
268	-52.159	-46.33	0	0	1000	0
269	13.637	-77.285	0	0	1000	0
270	97.917	71.538	0	0	1000	0
271	33.86	-56.973	0	0	1000	0
272	-91.274	15.887	0	0	1000	0
273	3.389	46.365	0	0	1000	0
274	-56.96	87.374	0	0	1000	0
275	69.748	5.51	0	0	1000	0
276	80.282	-29.594	0	0	1000	0
277	22.879	-8.667	0	0	1000	0
278	-98.36	-5.213	0	0	1000	0
279	-92.319	17.497	0	0	1000	0
280	-64.001	-25.659	0	0	1000	0
281	5.152	53.556	0	0	1000	0
282	24.457	-81.058	0	0	1000	0
283	87.985	35.007	0	0	1000	0
284	75.092	-28.896	0	0	1000	0
285	-49.666	-43.556	0	0	1000	0
286	-31.422	84.764	0	0	1000	0
287	20.193	-14.287	0	0	1000	0
288	-89.661	85.251	0	0	1000	0
289	93.359	17.904	0	0	1000	0
290	57.392	39.208	0	0	1000	0
291	-68.251	-9.958	0	0	1000	0
292	-71.557	-36.715	0	0	1000	0
293	-14.524	89.167	0	0	1000	0
294	8.039	53.054	0	0	1000	0
295	60.93	37.364	0	0	1000	0
296	-98.054	-62.054	0	0	1000	0
297	-18.945	-64.643	0	0	1000	0
298	-54.479	-87.044	0	0	1000	0
299	-26.151	-94.12	0	0	1000	0
300	41.159	-70.376	0	0	1000	0
301	-8.113	45.164	0	0	1000	0
302	5.719	-69.297	0	0	1000	0
303	16.737	13.999	0	0	1000	0
304	-68.07	-37.383	0	0	1000	0
305	90.854	-12.755	0	0	1000	0
306	82.599	56.945	0	0	1000	0
307	-73.608	53.311	0	0	1000	0
308	86.904	51.033	0	0	1000	0
309	-38.314	-2.919	0	0	1000	0
310	-31.951	90.2	0	0	1000	0
311	-66.08	92.757	0	0	1000	0
312	-61	-76.207	0	0	1000	0
313	-70.4	51.207	0	0	1000	0
314	-45.384	-37.226	0	0	1000	0
315	-29.071	-16.73	0	0	1000	0
316	0.891	14.371	0	0	1000	0
317	-50.982	-0.558	0	0	1000	0
318	-86.846	-40.739	0	0	1000	0
319	-56.905	-90.4	0	0	1000	0
320	-98.436	60.291	0	0	1000	0
321	16.876	-25.749	0	0	1000	0
322	-76.032	-6.08	0	0	1000	0
323	58.256	70.29	0	0	1000	0
324	-43.192	94.758	0	0	1000	0
325	-80.935	-67.892	0	0	1000	0
326	48.066	-82.159	0	0	1000	0
327	23.805	22.964	0	0	1000	0
328	-25.54	84.101	0	0	1000	0
329	90.076	23.883	0	0	1000	0
330	-49.712	76.162	0	0	1000	0
331	-74.976	16.511	0	0	1000	0
332	9.806	-64.46	0	0	1000	0
333	-39.537	17.082	0	0	1000	0
334	-0.326	21.885	0	0	1000	0
335	55.316	-50.975	0	0	1000	0
336	54.429	-37.561	0	0	1000	0
337	-73.911	29.639	0	0	1000	0
338	35.748	-82.187	0	0	1000	0
339	58.624	36.732	0	0	1000	0
340	-97.904	-67.77	0	0	1000	0
341	82.049	11.889	0	0	1000	0
342	27.552	-71.304	0	0	1000	0
343	-68.397	26.445	0	0	1000	0
344	-1.506	26.509	0	0	1000	0
345	18.466	-52.826	0	0	1000	0
346	-17.836	83.8	0	0	1000	0
347	78.547	30.537	0	0	1000	0
348	-81.505	79.09	0	0	1000	0
349	-81.554	74.666	0	0	1000	0
350	-47.398	-83.47	0	0	1000	0
351	-2.507	-72.084	0	0	1000	0
352	-16.36	99.113	0	0	1000	0
353	-49.633	-42.145	0	0	1000	0
354	77.193	-90.581	0	0	1000	0
355	-37.834	-84.422	0	0	1000	0
356	74.247	-48.119	0	0	1000	0
357	16.36	-18.325	0	0	1000	0
358	73.656	-39.008	0	0	1000	0
359	-21.892	84.581	0	0	1000	0
360	-11.789	-18.976	0	0	1000	0
361	-16.962	43.168	0	0	1000	0
362	-83.289	-56.239	0	0	1000	0
363	67.037	4.975	0	0	1000	0
364	-29.358	-85.877	0	0	1000	0
365	-57.893	-88.917	0	0	1000	0
366	-88.691	4.523	0	0	1000	0
367	49.394	1.532	0	0	1000	0
368	1.442	-23.599	0	0	1000	0
369	19.846	-31.792	0	0	1000	0
370	-81.837	67.918	0	0	1000	0
371	57.841	10.655	0	0	1000	0
372	-61.91	6.282	0	0	1000	0
373	0.556	-36.577	0	0	1000	0
374	-61.624	38.528	0	0	1000	0
375	-38.309	-90.507	0	0	1000	0
376	-98.35	-91.793	0	0	1000	0
377	17.601	-11.336	0	0	1000	0
378	87.995	8.526	0	0	1000	0
379	-82.823	-57.76	0	0	1000	0
380	43.5	-44.233	0	0	1000	0
381	-85.31	-22.107	0	0	1000	0
382	-99.301	-33.313	0	0	1000	0
383	-9.558	-4.78	0	0	1000	0
384	-3.536	52.261	0	0	1000	0
385	-31.742	61.593	0	0	1000	0
386	-69.25	84.881	0	0	1000	0
387	2.1	-20.161	0	0	1000	0
388	97.266	14.248	0	0	1000	0
389	-13.831	-90.172	0	0	1000	0
390	60.366	-70.903	0	0	1000	0
391	51.401	-9.408	0	0	1000	0
392	83.059	63.785	0	0	1000	0
393	50.318	-50.419	0	0	1000	0
394	67.298	73.711	0	0	1000	0
395	29.476	-18.334	0	0	1000	0
396	-56.177	48.002	0	0	1000	0
397	-73.613	-23.673	0	0	1000	0
398	49.143	-59.275	0	0	1000	0
399	37.508	99.189	0	0	1000	0
400	55.565	89.13	0	0	1000	0
401	-37.53	52.127	0	0	1000	0
402	-41.782	80.566	0	0	1000	0
403	-67.887	-47.081	0	0	1000	0
404	-71.875	64.92	0	0	1000	0
405	30.537	16.541	0	0	1000	0
406	5.429	-36.924	0	0	1000	0
407	-19.466	-94.773	0	0	1000	0
408	94.995	37.283	0	0	1000	0
409	-59.284	-51.669	0	0	1000	0
410	83.677	-37.87	0	0	1000	0
411	-31.282	76.958	0	0	1000	0
412	-21.775	-62.707	0	0	1000	0
413	-38.303	79.185	0	0	1000	0
414	-65.405	-2.976	0	0	1000	0
415	-42.148	-93.52	0	0	1000	0
416	-45.922	64.594	0	0	1000	0
417	20.708	52.909	0	0	1000	0
418	39.221	-92.221	0	0	1000	0
419	-16.407	-25.092	0	0	1000	0
420	-88.039	99.59	0	0	1000	0
421	44.941	-83.928	0	0	1000	0
422	11.889	29.626	0	0	1000	0
423	-87.778	-31.8	0	0	1000	0
424	-23.326	-49.252	0	0	1000	0
425	44.533	15.419	0	0	1000	0
426	77.683	56.199	0	0	1000	0
427	-99.186	69.319	0	0	1000	0
428	70.024	-10.589	0	0	1000	0
429	48.44	39.212	0	0	1000	0
430	-10.537	-8.642	0	0	1000	0
431	5.848	4.905	0	0	1000	0
432	-82.654	41.072	0	0	1000	0
433	-27.619	-79.653	0	0	1000	0
434	50.121	54.521	0	0	1000	0
435	70.688	27.688	0	0	1000	0
436	-37.749	-28.9	0	0	1000	0
437	68.157	66.833	0	0	1000	0
438	-77.422	71.717	0	0	1000	0
439	71.045	71.232	0	0	1000	0
440	-19.769	39.49	0	0	1000	0
441	-92.568	-64.347	0	0	1000	0
442	22.94	-97.178	0	0	1000	0
443	-96.173	8.074	0	0	1000	0
444	17.682	-69.748	0	0	1000	0
445	-57.768	39.715	0	0	1000	0
446	-43.472	-70.011	0	0	1000	0
447	76.019	-94.839	0	0	1000	0
448	-25.947	-12.209	0	0	1000	0
449	-63.408	-32.63	0	0	1000	0
450	-27.557	30.459	0	0	1000	0
451	82.636	42.331	0	0	1000	0
452	-99.622	-10.417	0	0	1000	0
453	-96.408	-90.976	0	0	1000	0
454	75.591	33.895	0	0	1000	0
455	-97.661	-68.98	0	0	1000	0
456	78.338	95.216	0	0	1000	0
457	64.916	75.631	0	0	1000	0
458	-97.571	40.149	0	0	1000	0
459	-41.943	75.364	0	0	1000	0
460	-93.925	11.645	0	0	1000	0
461	56.102	-95.681	0	0	1000	0
462	16.477	-25.814	0	0	1000	0
463	-42.382	76.447	0	0	1000	0
464	-44.745	78.318	0	0	1000	0
465	-70.17	-50.321	0	0	1000	0
466	43.628	6.119	0	0	1000	0
467	55.957	-58.153	0	0	1000	0
468	20.394	34.159	0	0	1000	0
469	-80.586	-94.243	0	0	1000	0
470	-72.56	99.292	0	0	1000	0
471	88.007	15.369	0	0	1000	0
472	-48.437	-54.38	0	0	1000	0
473	-99.368	18.267	0	0	1000	0
474	28.532	-88.483	0	0	1000	0
475	98.434	-83.286	0	0	1000	0
476	-92.193	-55.04	0	0	1000	0
477	-1.879	36.763	0	0	1000	0
478	68.398	33.017	0	0	1000	0
479	-59.529	76.935	0	0	1000	0
480	59.374	43.436	0	0	1000	0
481	-21.933	27.263	0	0	1000	0
482	-76.104	59.656	0	0	1000	0
483	-80.412	18.087	0	0	1000	0
484	30.871	-61.571	0	0	1000	0
485	88.587	96.736	0	0	1000	0
486	7.128	81.991	0	0	1000	0
487	-90.995	-67.043	0	0	1000	0
488	-4.581	57.715	0	0	1000	0
489	-89.568	97.849	0	0	1000	0
490	-27.695	23.315	0	0	1000	0
491	23.934	8.48	0	0	1000	0
492	4.498	92.682	0	0	1000	0
493	90.895	44.75	0	0	1000	0
494	53.032	-15.794	0	0	1000	0
495	-94.632	-37.316	0	0	1000	0
496	83.173	0.908	0	0	1000	0
497	-53.805	-22.039	0	0	1000	0
498	-69.111	28.013	0	0	1000	0
499	-25.602	-82.965	0	0	1000	0
500	81.065	92.421	0	0	1000	0
501	-60.961	57.279	0	0	1000	0
502	-7.482	97.751	0	0	1000	0
503	-13.912	-57.282	0	0	1000	0
504	-34.426	-48.883	0	0	1000	0
505	52.381	47.645	0	0	1000	0
506	-38.001	3.211	0	0	1000	0
507	-83.29	-97.839	0	0	1000	0
508	76.956	-87.147	0	0	1000	0
509	71.79	-23.471	0	0	1000	0
510	-18.26	67.64	0	0	1000	0
511	-45.884	82.377	0	0	1000	0
512	45.182	-13.815	0	0	1000	0
513	-16.579	-91.529	0	0	1000	0
514	79.309	-48.181	0	0	1000	0
515	-22.648	-80.734	0	0	1000	0
516	48.55	-77.742	0	0	1000	0
517	66.838	44.888	0	0	1000	0
518	-84.768	-79.497	0	0	1000	0
519	-52.882	42.124	0	0	1000	0
520	91.457	8.581	0	0	1000	0
521	-70.771	44.683	0	0	1000	0
522	-38.296	70.884	0	0	1000	0
523	78.806	77.5	0	0	1000	0
524	-17.485	-94.26	0	0	1000	0
525	3.023	31.798	0	0	1000	0
526	16.812	-55.327	0	0	1000	0
527	25.24	-84.17	0	0	1000	0
528	-82.696	-57.59	0	0	1000	0
529	-27.46	61.856	0	0	1000	0
530	-86.587	80.24	0	0	1000	0
531	-34.357	20.982	0	0	1000	0
532	95.827	-61.133	0	0	1000	0
533	-85.297	79.473	0	0	1000	0
534	13.355	-27.539	0	0	1000	0
535	-96.872	35.735	0	0	1000	0
536	-62.539	45.069	0	0	1000	0
537	92.63	-37.475	0	0	1000	0
538	-69.398	32.868	0	0	1000	0
539	43.035	78.401	0	0	1000	0
540	-78.774	-97.845	0	0	1000	0
541	63.122	-28.211	0	0	1000	0
542	-50.127	-7.132	0	0	1000	0
543	67.502	-4.767	0	0	1000	0
544	87.95	68.081	0	0	1000	0
545	19.967	-6.369	0	0	1000	0
546	77.513	37.872	0	0	1000	0
547	-30.657	-37.889	0	0	1000	0
548	-32.922	-57.05	0	0	1000	0
549	-88.654	67.289	0	0	1000	0
550	-70.256	81.637	0	0	1000	0
551	78.346	73.703	0	0	1000	0
552	-84.333	-80.772	0	0	1000	0
553	-36.57	-23.585	0	0	1000	0
554	-3.343	96.136	0	0	1000	0
555	-27.868	27.847	0	0	1000	0
556	22.987	11.002	0	0	1000	0
557	-40.126	83.374	0	0	1000	0
558	93.385	-75.927	0	0	1000	0
559	-70.184	-69.884	0	0	1000	0
560	-76.195	78.467	0	0	1000	0
561	-70.312	-96.751	0	0	1000	0
562	-17.638	95.431	0	0	1000	0
563	-89.402	6.426	0	0	1000	0
564	92.973	27.36	0	0	1000	0
565	53.399	-12.485	0	0	1000	0
566	-97.435	-41.61	0	0	1000	0
567	-49.654	-55.233	0	0	1000	0
568	-11.199	-83.05	0	0	1000	0
569	-82.244	-83.4	0	0	1000	0
570	-26.095	57.655	0	0	1000	0
571	-49.244	93.869	0	0	1000	0
572	-54.417	55.83	0	0	1000	0
573	53.013	-63.241	0	0	1000	0
574	51.548	90.756	0	0	1000	0
575	-83.565	84.086	0	0	1000	0
576	-80.13	3.963	0	0	1000	0
577	-91.688	14.637	0	0	1000	0
578	-1.964	-4.737	0	0	1000	0
579	-20.578	-7.082	0	0	1000	0
580	-55.77	18.579	0	0	1000	0
581	73.503	91.074	0	0	1000	0
582	72.24	56.12	0	0	1000	0
583	-45.032	42.513	0	0	1000	0
584	30.536	-85.699	0	0	1000	0
585	65.113	87.452	0	0	1000	0
586	26.49	-78.842	0	0	1000	0
587	-22.337	42.121	0	0	1000	0
588	84.538	-60.209	0	0	1000	0
589	50.983	93.897	0	0	1000	0
590	67.771	-41.162	0	0	1000	0
591	-26.761	-11.111	0	0	1000	0
592	72.466	55.413	0	0	1000	0
593	-10.946	-81.136	0	0	1000	0
594	88.799	4.174	0	0	1000	0
595	95.111	84.526	0	0	1000	0
596	-15.398	70.27	0	0	1000	0
597	34.859	3.087	0	0	1000	0
598	-72.079	-63.477	0	0	1000	0
599	-7.708	63.376	0	0	1000	0
600	38.759	-76.813	0	0	1000	0
601	-7.31	-17.889	0	0	1000	0
602	46.213	58.74	0	0	1000	0
603	15.571	-24.527	0	0	1000	0
604	89.007	15.6	0	0	1000	0
605	8.629	6.921	0	0	1000	0
606	-87.182	89.72	0	0	1000	0
607	-60.518	48.371	0	0	1000	0
608	-87.307	95.3	0	0	1000	0
609	44.515	-15.86	0	0	1000	0
610	47.418	60.176	0	0	1000	0
611	40.465	-28.865	0	0	1000	0
612	-25.052	57.65	0	0	1000	0
613	-19.842	-88.066	0	0	1000	0
614	8.498	21.597	0	0	1000	0
615	-4.075	-57.002	0	0	1000	0
616	-98.297	-26.045	0	0	1000	0
617	-27.286	12.747	0	0	1000	0
618	-30.609	-58.8	0	0	1000	0
619	8.692	-91.843	0	0	1000	0
620	65.178	-5.969	0	0	1000	0
621	54.953	-96.962	0	0	1000	0
622	-97.103	58.234	0	0	1000	0
623	97.477	81.35	0	0	1000	0
624	99.274	-85.273	0	0	1000	0
625	-92.125	-39.229	0	0	1000	0
626	-80.296	99.275	0	0	1000	0
627	-4.521	89.601	0	0	1000	0
628	96.536	-32.462	0	0	1000	0
629	89.958	60.167	0	0	1000	0
630	-21.204	34.464	0	0	1000	0
631	-92.189	42.041	0	0	1000	0
632	26.647	-63.615	0	0	1000	0
633	40.766	99.974	0	0	1000	0
634	4.379	-64.345	0	0	1000	0
635	63.061	-96.523	0	0	1000	0
636	98.325	25.41	0	0	1000	0
637	-56.628	29.761	0	0	1000	0
638	56.193	57.227	0	0	1000	0
639	45.472	-99.471	0	0	1000	0
640	-60.104	-51.658	0	0	1000	0
641	-80.829	-63.209	0	0	1000	0
642	40.768	50.552	0	0	1000	0
643	-98.795	-32.312	0	0	1000	0
644	7.254	68.995	0	0	1000	0
645	18.751	60.037	0	0	1000	0
646	-86.017	49.064	0	0	1000	0
647	23.47	90.202	0	0	1000	0
648	4.737	-5.327	0	0	1000	0
649	-61.012	-46.769	0	0	1000	0
650	52.708	44.977	0	0	1000	0
651	-94.753	93.277	0	0	1000	0
652	-83.249	49.102	0	0	1000	0
653	-17.236	75.374	0	0	1000	0
654	-36.693	7.705	0	0	1000	0
655	-46.207	15.097	0	0	1000	0
656	-6.468	-91.945	0	0	1000	0
657	-51.296	-15.225	0	0	1000	0
658	-6.889	-49.82	0	0	1000	0
659	-89.393	-96.668	0	0	1000	0
660	19.356	-7.406	0	0	1000	0
661	-2.372	24.513	0	0	1000	0
662	-11.309	-9.908	0	0	1000	0
663	-74.272	1.343	0	0	1000	0
664	-21.771	-28.745	0	0	1000	0
665	-73.34	94.352	0	0	1000	0
666	95.052	0.394	0	0	1000	0
667	62.608	-60.888	0	0	1000	0
668	-51.504	99.99	0	0	1000	0
669	-44.223	93.128	0	0	1000	0
670	47.821	-11.473	0	0	1000	0
671	-64.714	29.571	0	0	1000	0
672	-23.929	3.157	0	0	1000	0
673	-62.563	-45.039	0	0	1000	0
674	46.004	-66.752	0	0	1000	0
675	84.428	38.377	0	0	1000	0
676	12.02	62.104	0	0	1000	0
677	-50.426	-50.313	0	0	1000	0
678	-28.652	-75.214	0	0	1000	0
679	-72.342	-83.697	0	0	1000	0
680	-83.853	61.193	0	0	1000	0
681	-11.443	77.977	0	0	1000	0
682	-92.898	37.233	0	0	1000	0
683	-38.229	-35.867	0	0	1000	0
684	-36.878	-96.437	0	0	1000	0
685	-15.449	88.184	0	0	1000	0
686	-48.313	75.371	0	0	1000	0
687	0.269	-25.621	0	0	1000	0
688	-25.088	71.701	0	0	1000	0
689	11.896	-83.981	0	0	1000	0
690	25.915	64.022	0	0	1000	0
691	-33.555	-28.986	0	0	1000	0
692	33.041	83.359	0	0	1000	0
693	-59.485	-88.316	0	0	1000	0
694	90.285	-92.028	0	0	1000	0
695	43.353	81.992	0	0	1000	0
696	52.495	-92.793	0	0	1000	0
697	19.004	57.367	0	0	1000	0
698	-53.581	69.173	0	0	1000	0
699	-88.217	-96.166	0	0	1000	0
700	45.421	86.728	0	0	1000	0
701	87.768	37.918	0	0	1000	0
702	-23.6	-90.025	0	0	1000	0
703	-72.567	52.39	0	0	1000	0
704	-27.904	88.116	0	0	1000	0
705	93.39	-99.869	0	0	1000	0
706	-49.306	-8.166	0	0	1000	0
707	-47.948	58.213	0	0	1000	0
708	-99.678	86.905	0	0	1000	0
709	81.572	-36.695	0	0	1000	0
710	54.545	23.866	0	0	1000	0
711	-94.315	89.361	0	0	1000	0
712	94.715	1.41	0	0	1000	0
713	-67.271	-38.55	0	0	1000	0
714	88.41	-76.07	0	0	1000	0
715	62.192	-73.395	0	0	1000	0
716	-36.396	62.007	0	0	1000	0
717	20.274	-61.074	0	0	1000	0
718	95.206	-26.909	0	0	1000	0
719	12.644	70.267	0	0	1000	0
720	-18.888	72.497	0	0	1000	0
721	-84.995	-79.233	0	0	1000	0
722	-48.966	-88.937	0	0	1000	0
723	-16.023	66.94	0	0	1000	0
724	-24.162	47.72	0	0	1000	0
725	-91.917	76.165	0	0	1000	0
726	-27.548	-65.902	0	0	1000	0
727	53.39	-62.335	0	0	1000	0
728	34.508	76.878	0	0	1000	0
729	-38.221	-80.407	0	0	1000	0
730	95.983	18.751	0	0	1000	0
731	-35.507	-51.476	0	0	1000	0
732	-48.819	35.477	0	0	1000	0
733	-60.245	-68.289	0	0	1000	0
734	-36.753	-70.981	0	0	1000	0
735	-85.12	-89.277	0	0	1000	0
736	-76.728	-3.117	0	0	1000	0
737	27.865	-30.569	0	0	1000	0
738	-28.618	-31.981	0	0	1000	0
739	81.219	18.097	0	0	1000	0
740	-13.241	-85.219	0	0	1000	0
741	-41.644	-96.769	0	0	1000	0
742	51.088	-29.67	0	0	1000	0
743	-33.43	-93.188	0	0	1000	0
744	9.018	90.888	0	0	1000	0
745	-71.808	56.635	0	0	1000	0
746	84.16	-31.976	0	0	1000	0
747	-44.312	-9.621	0	0	1000	0
748	-2.506	-75.704	0	0	1000	0
749	40.647	-93.25	0	0	1000	0
750	-89.538	61.172	0	0	1000	0
751	-86.77	47.273	0	0	1000	0
752	-10.815	-39.277	0	0	1000	0
753	-41.306	78.926	0	0	1000	0
754	43.246	-60.635	0	0	1000	0
755	39.661	-54.372	0	0	1000	0
756	21.123	-79.729	0	0	1000	0
757	-33.062	-37.964	0	0	1000	0
758	85.331	-23.661	0	0	1000	0
759	-8.265	89.701	0	0	1000	0
760	-32.68	-53.706	0	0	1000	0
761	-8.922	90.571	0	0	1000	0
762	7.112	72.266	0	0	1000	0
763	37.634	-82.97	0	0	1000	0
764	55.796	-25.062	0	0	1000	0
765	-84.637	18.508	0	0	1000	0
766	-81.025	-77.542	0	0	1000	0
767	48.153	60.186	0	0	1000	0
768	-56.71	-65.612	0	0	1000	0
769	-46.037	67.393	0	0	1000	0
770	-72.361	-70.591	0	0	1000	0
771	-90.585	-7.05	0	0	1000	0
772	-73.162	79.959	0	0	1000	0
773	67.217	85.366	0	0	1000	0
774	-68.613	-68.349	0	0	1000	0
775	-99.252	-66.352	0	0	1000	0
776	-84.413	-62.967	0	0	1000	0
777	-54.542	-82.485	0	0	1000	0
778	-68.312	97.969	0	0	1000	0
779	27.56	-32.342	0	0	1000	0
780	-63.012	-96.59	0	0	1000	0
781	98.758	-42.422	0	0	1000	0
782	-14.48	-38.43	0	0	1000	0
783	-87.251	68.357	0	0	1000	0
784	-27.155	-39.51	0	0	1000	0
785	93.292	-59.465	0	0	1000	0
786	62.407	-3.828	0	0	1000	0
787	-33.323	67.417	0	0	1000	0
788	77.743	34.381	0	0	1000	0
789	-1.776	82.245	0	0	1000	0
790	-24.851	68.574	0	0	1000	0
791	92.78	-59.985	0	0	1000	0
792	80.947	-44.933	0	0	1000	0
793	-35.353	38.549	0	0	1000	0
794	68.909	24.96	0	0	1000	0
795	21.371	-9.165	0	0	1000	0
796	86.867	-93.257	0	0	1000	0
797	-12.914	-78.012	0	0	1000	0
798	-77.963	-60.184	0	0	1000	0
799	-77.772	47.538	0	0	1000	0
800	-70.394	-55.15	0	0	1000	0
801	-98.062	-45.386	0	0	1000	0
802	48.307	-91.44	0	0	1000	0
803	-40.905	87.054	0	0	1000	0
804	84.78	-53.103	0	0	1000	0
805	86.924	-73.159	0	0	1000	0
806	-90.067	50.4	0	0	1000	0
807	-87.469	-34.504	0	0	1000	0
808	-81.117	-97.785	0	0	1000	0
809	27.857	-34.072	0	0	1000	0
810	86.382	54.933	0	0	1000	0
811	-71.276	-6.169	0	0	1000	0
812	-50.602	51.637	0	0	1000	0
813	-98.207	-86.931	0	0	1000	0
814	-37.713	8.607	0	0	1000	0
815	76.394	82.615	0	0	1000	0
816	67.024	44.081	0	0	1000	0
817	89.911	-67.787	0	0	1000	0
818	12.792	-77.573	0	0	1000	0
819	32.602	79.379	0	0	1000	0
820	-85.552	-74.545	0	0	1000	0
821	-2.067	30.598	0	0	1000	0
822	-17.588	-19.484	0	0	1000	0
823	3.51	98.068	0	0	1000	0
824	-87.516	11.264	0	0	1000	0
825	45.812	-75.902	0	0	1000	0
826	71.882	5.124	0	0	1000	0
827	-31.067	58.318	0	0	1000	0
828	65.082	99.021	0	0	1000	0
829	-56.052	-13.811	0	0	1000	0
830	-26.51	-12.784	0	0	1000	0
831	-1.656	92.442	0	0	1000	0
832	-29.762	-42.068	0	0	1000	0
833	0.509	36.966	0	0	1000	0
834	80.412	-60.601	0	0	1000	0
835	-55.784	26.373	0	0	1000	0
836	72.691	-52.233	0	0	1000	0
837	-42.554	78.215	0	0	1000	0
838	38.88	-18.445	0	0	1000	0
839	-49.188	-35.911	0	0	1000	0
840	85.134	19.835	0	0	1000	0
841	2.279	22.286	0	0	1000	0
842	-64.263	-8.569	0	0	1000	0
843	21.8	4.208	0	0	1000	0
844	-13.305	64.133	0	0	1000	0
845	-37.673	-73.17	0	0	1000	0
846	-31.692	-93.618	0	0	1000	0
847	-97.364	-65.298	0	0	1000	0
848	85.03	52.421	0	0	1000	0
849	87.496	-55.842	0	0	1000	0
850	7.713	-83.339	0	0	1000	0
851	-81.234	81.319	0	0	1000	0
852	63.911	-64.18	0	0	1000	0
853	67.778	-33.851	0	0	1000	0
854	81.622	96.369	0	0	1000	0
855	-52.002	36.857	0	0	1000	0
856	87.598	-44.824	0	0	1000	0
857	62.311	-81.2	0	0	1000	0
858	90.643	-71.205	0	0	1000	0
859	74.558	-63.818	0	0	1000	0
860	-73.424	29.408	0	0	1000	0
861	-72.927	-66.44	0	0	1000	0
862	-56.744	-12.566	0	0	1000	0
863	-75.255	-62.789	0	0	1000	0
864	53.461	-10.909	0	0	1000	0
865	-14.406	54.799	0	0	1000	0
866	-33.693	-34.059	0	0	1000	0
867	-15.166	-74.484	0	0	1000	0
868	-21.55	60.799	0	0	1000	0
869	86.108	-10.761	0	0	1000	0
870	42.287	69.491	0	0	1000	0
871	73.894	-5.03	0	0	1000	0
872	-29.064	57.177	0	0	1000	0
873	-69.662	-46.074	0	0	1000	0
874	-57.908	-71.319	0	0	1000	0
875	-88.15	-61.45	0	0	1000	0
876	38.336	70.675	0	0	1000	0
877	75.066	92.851	0	0	1000	0
878	21.153	-29.633	0	0	1000	0
879	-85.024	97.27	0	0	1000	0
END_SECTION
CLIENT_COUNT_SECTION
880
END_SECTION
CLIENT_SECTION
0	74.398	2.692	16	138	274	8
1	-28.344	-17.432	18	309	399	25
2	-50.075	39.237	2	74	232	2
3	79.59	82.393	15	181	337	23
4	61.698	-53.092	11	108	245	12
5	-63.955	-22.283	9	148	241	19
6	75.778	-69.433	17	304	422	4
7	22.586	-83.907	21	60	190	20
8	-86.788	-27.145	17	117	252	19
9	-81.831	-39.166	8	343	443	10
10	19.863	24.925	25	392	572	11
11	-63.5	16.599	22	362	471	8
12	96.287	-67.422	2	137	299	19
13	46.465	82.227	23	415	547	6
14	94.992	-93.873	1	117	296	1
15	70.484	83.028	24	220	314	7
16	8.301	-97.197	14	79	250	11
17	84.535	83.563	23	298	452	12
18	-31.382	-53.353	6	164	335	7
19	-76.44	-30.377	8	438	557	10
20	98.978	24.314	19	241	349	3
21	72.157	-61.097	8	158	292	3
22	-52.145	-54.455	1	238	414	17
23	-82.192	-24.92	4	458	555	12
24	-34.223	-7.639	13	208	364	7
25	12.413	49.052	13	103	242	18
26	65.409	32.804	20	69	208	17
27	-49.305	-60.586	9	470	628	14
28	-89.514	-7.337	14	324	504	6
29	79.734	34.981	7	413	563	23
30	-92.319	13.061	11	271	437	2
31	-22	55.634	15	176	329	15
32	57.728	78.306	16	71	251	23
33	-91.824	-57.099	11	347	464	24
34	-17.173	-57.77	14	324	504	4
35	98.536	74.341	12	281	420	24
36	80.134	-34.37	4	168	291	18
37	-81.105	63.758	11	441	554	10
38	72.739	-98.718	19	321	497	7
39	-96.412	72.897	8	460	581	11
40	19.351	83.622	7	376	500	9
41	-95.833	32.825	19	135	238	22
42	32.024	-65.238	9	213	306	23
43	-59.011	49.719	24	217	375	3
44	-21.061	-62.843	20	234	368	2
45	-51.674	-88.581	6	383	500	1
46	24.641	-77.076	1	61	227	2
47	-83.013	88.023	10	357	519	10
48	50.435	-81.865	15	201	369	23
49	-49.351	11.697	2	420	534	21
50	-64.821	-42.687	23	414	548	6
51	51.49	32.538	2	93	246	9
52	78.986	5.467	9	67	223	12
53	49.127	95.298	6	126	282	17
54	12.855	-5.226	3	211	323	6
55	-18.273	68.258	17	288	401	24
56	0.272	-24.782	8	309	399	18
57	92.088	-82.543	13	129	268	21
58	92.321	-12.63	22	265	429	18
59	87.652	-81.329	2	236	416	9
60	12.393	35.304	9	112	215	2
61	94.671	-55.65	5	347	482	19
62	-73.793	62.268	20	455	590	17
63	77.979	-47.487	18	452	581	8
64	-50.435	-72.255	4	296	413	6
65	-88.727	11.618	5	457	558	13
66	-98.309	-98.872	19	478	580	6
67	-80.669	14.506	2	144	323	18
68	-40.123	-34.209	18	470	620	8
69	18.178	45.924	21	180	326	8
70	-33.767	-26.121	18	100	236	12
71	-0.83	24.55	2	400	543	22
72	71.51	-76.041	20	213	317	2
73	-93.487	-8.037	13	415	549	22
74	-62.462	36.497	13	465	595	18
75	33.705	-24.84	14	275	432	4
76	-97.518	-51.281	23	88	213	18
77	-77.523	-69.189	25	231	336	18
78	-66.109	-92.951	25	447	565	4
79	29.145	75.018	20	255	355	1
80	-43.613	98.877	15	316	433	14
81	-13.693	-77.74	4	423	556	13
82	-29.092	-73.952	17	316	432	19
83	-59.931	79.215	5	296	471	14
84	63.509	81.027	4	478	610	21
85	89.689	-76.777	20	336	502	22
86	25.765	-63.018	11	338	479	13
87	87.684	72.051	5	246	373	5
88	60.187	-44.204	2	272	437	5
89	-23.442	91.116	3	229	379	19
90	40.372	89.616	15	240	401	24
91	-75.122	-17.393	22	84	190	22
92	73.83	75.837	2	428	557	15
93	-74.374	86.281	7	432	548	9
94	-37.843	-84.149	2	99	236	4
95	19.354	-7.134	22	300	425	17
96	50.717	81.312	15	385	481	10
97	-73.54	-59.72	22	297	424	4
98	-28.217	-93.019	14	399	520	8
99	-19.089	57.813	25	69	182	3
100	19.923	-91.844	7	382	556	2
101	47.511	-84.832	10	478	655	10
102	-16.981	69.551	24	466	637	23
103	-18.664	33.174	20	77	219	23
104	-67.235	91.064	2	294	406	13
105	28.908	73.689	21	67	220	18
106	44.676	-84.053	15	387	516	24
107	8.477	-9.628	10	118	264	13
108	-60.378	-13.467	17	398	578	11
109	-52.375	-32.332	6	79	257	21
110	-23.535	-46.021	18	234	371	17
111	16.938	-65.821	14	330	429	1
112	83.435	-63.765	16	72	228	4
113	-60.326	-81.289	11	389	485	8
114	-51.889	-69.908	9	113	263	4
115	-15.767	-87.689	6	95	211	5
116	97.014	54.023	22	79	179	17
117	65.406	-79.043	24	153	271	20
118	-43.499	74.997	19	236	416	11
119	60.211	86.287	17	382	525	25
120	-0.885	-96.702	16	236	390	3
121	37.168	75.667	7	80	185	16
122	-15.723	-86.624	12	259	437	13
123	-11.834	23.295	7	250	392	16
124	-55.227	-43.313	9	369	466	22
125	-47.345	32.97	16	359	502	1
126	-69.543	2.916	1	179	280	19
127	-29.019	40.365	1	67	161	5
128	-2.71	93.995	20	446	606	20
129	-43.454	90.189	3	180	289	19
130	88.091	11.886	19	108	214	15
131	7.563	-98.034	8	155	279	13
132	-54.865	-79.097	1	223	372	13
133	-77.274	-43.105	2	434	527	3
134	-84.757	81.79	3	68	223	14
135	-2.629	-67.495	6	264	384	19
136	50.528	78.183	7	346	487	25
137	37.707	98.965	8	296	439	13
138	-95.286	62.158	17	253	382	6
139	-59.416	-6.597	5	215	357	5
140	13.186	91.277	7	406	561	14
141	-18.092	-60.229	4	377	494	18
142	75.747	12.289	5	277	370	1
143	-84.96	-86.749	5	366	494	1
144	-40.311	-76.732	11	393	512	8
145	97.655	61.4	23	455	574	6
146	-58.494	-74.726	1	142	243	1
147	57.07	84.299	23	134	263	21
148	-76.258	-98.432	20	434	580	21
149	-19.787	-16.937	10	140	306	25
150	-56.943	-91.321	3	461	626	10
151	61.143	-50.147	25	421	561	18
152	41.27	-93.797	10	128	247	4
153	0.765	68.327	12	401	577	11
154	22.652	-12.459	2	198	317	24
155	-49.373	-11.169	5	221	392	9
156	82.417	-12.685	15	142	277	22
157	-44.852	-24.038	1	192	334	23
158	-23.094	-82.944	4	72	250	8
159	-96.489	-68.407	12	183	302	7
160	-0.725	-52.985	9	298	402	13
161	77.578	22.849	23	317	494	18
162	-65.714	0.841	6	257	357	6
163	-53.707	-43.512	16	391	489	19
164	-15.875	-57.184	20	245	402	22
165	-51.839	-70.497	5	84	210	11
166	-98.22	42.876	24	157	317	19
167	-89.776	-62.296	1	389	479	1
168	-81.043	-26.338	18	107	246	6
169	-49.509	-87.155	16	365	538	23
170	-12.5	42.259	20	299	395	17
171	85.553	10.064	4	374	518	16
172	-16.781	-37.596	3	419	580	1
173	-39.146	93.141	10	304	450	5
174	-67.551	-35.844	9	122	267	4
175	28.793	83.633	24	317	426	23
176	-51.802	43.962	22	381	524	18
177	19.754	63.128	9	427	520	14
178	5.154	32.394	19	363	459	11
179	49.076	45.315	7	165	298	4
180	-67.541	90.141	19	220	330	7
181	-76.329	-17.343	21	261	421	6
182	88.549	28.026	2	413	580	19
183	11.451	-67.094	13	104	254	16
184	67.156	-39.168	22	381	555	18
185	74.817	-17.028	12	348	509	18
186	-94.906	-31.706	9	420	527	7
187	69.783	45.476	20	350	466	23
188	-99.324	90.437	10	413	577	25
189	2.646	-18.594	1	395	506	20
190	-98.794	97.084	11	114	278	21
191	-8.744	35.989	20	159	296	16
192	-70.657	-56.623	5	204	350	11
193	-8.899	-70.758	9	467	596	19
194	-31.421	-20.414	19	235	361	1
195	90.593	91.792	4	309	476	4
196	-69.661	40.475	13	334	425	19
197	35.422	-75.577	15	105	211	22
198	-13.872	52.023	22	210	300	13
199	-80.864	-18.014	11	222	346	21
200	-49.906	62.928	11	97	249	19
201	44.92	-84.784	2	480	622	10
202	-79.066	-41.935	4	297	393	22
203	44.448	-72.234	16	62	190	19
204	38.066	52.314	3	425	591	3
205	-67.918	-43.582	9	239	390	20
206	87.472	70.413	6	252	379	22
207	35.435	-5.409	19	133	266	11
208	78.102	-87.657	7	118	278	16
209	-69.842	-91.787	20	450	561	9
210	86.062	-87.463	14	338	516	14
211	-12.736	-80.323	20	277	430	25
212	-38.426	-31.846	2	300	396	6
213	-49.366	10.733	20	244	374	8
214	10.482	41.389	8	293	440	22
215	4.337	97.717	10	200	358	16
216	62.209	74.82	6	472	629	12
217	-37.401	95.287	7	413	563	4
218	-31.234	84.347	2	284	410	12
219	75.098	56.919	15	370	540	24
220	-40.335	18.837	25	345	470	22
221	77.002	18.75	25	224	326	22
222	-10.169	59.236	11	312	430	7
223	98.485	-65.939	11	74	227	4
224	-52.459	-11.012	8	78	231	11
225	-21.474	-95.484	2	476	573	11
226	15.295	86.941	19	381	542	2
227	19.363	-72.907	12	102	210	14
228	-30.405	63.795	20	435	561	17
229	58.593	-82.985	12	127	251	1
230	-67.986	16.297	6	106	242	16
231	-31.951	-79.813	18	313	413	3
232	-86.817	97.642	25	183	322	2
233	16.247	-10.061	14	395	567	18
234	-57.99	81.81	7	312	405	6
235	-78.809	40.467	6	223	324	5
236	-86.391	-68.107	13	475	636	19
237	13.192	16.269	20	188	313	12
238	-91.165	48.88	12	344	520	21
239	-15.488	-64.646	12	232	336	19
240	-18.252	65.455	25	187	307	8
241	-67.752	1.392	4	63	162	21
242	-85.39	64.069	20	117	274	21
243	-68.14	79.243	3	363	534	25
244	43.244	75.441	4	109	266	1
245	-53.04	73.969	23	285	385	13
246	34.769	-35.124	3	282	439	11
247	80.289	59.159	21	435	578	20
248	-63.871	63.521	15	471	607	13
249	89.372	87.509	9	179	274	4
250	-0.248	96.123	17	239	403	4
251	55.39	-97.293	13	359	454	10
252	-44.258	-60.83	9	260	405	13
253	41.174	-80.199	7	297	408	8
254	-81.241	25.64	4	184	352	11
255	-89.674	7.85	4	476	571	14
256	-91.676	46.272	17	368	467	12
257	-73.38	-65.62	18	405	554	23
258	-25.887	-60.834	19	223	346	9
259	-76.044	-90.242	5	423	599	19
260	65.403	96.59	16	310	451	1
261	-14.491	79.658	14	479	573	9
262	30.821	-11.012	13	107	226	19
263	45.616	56.096	8	467	631	11
264	79.954	-65.261	12	250	390	10
265	-80.909	99.697	7	139	234	6
266	-61.495	56.748	18	66	208	2
267	91.835	32.607	8	310	489	3
268	-52.159	-46.33	25	398	538	16
269	13.637	-77.285	7	251	411	4
270	97.917	71.538	6	335	480	2
271	33.86	-56.973	21	204	331	20
272	-91.274	15.887	3	179	300	12
273	3.389	46.365	20	204	339	4
274	-56.96	87.374	14	69	196	15
275	69.748	5.51	12	134	247	11
276	80.282	-29.594	10	426	529	20
277	22.879	-8.667	17	293	458	4
278	-98.36	-5.213	23	200	351	12
279	-92.319	17.497	19	80	218	4
280	-64.001	-25.659	3	442	539	14
281	5.152	53.556	13	205	363	17
282	24.457	-81.058	7	427	554	9
283	87.985	35.007	7	271	444	10
284	75.092	-28.896	10	328	474	11
285	-49.666	-43.556	19	370	476	9
286	-31.422	84.764	2	173	317	23
287	20.193	-14.287	1	476	621	25
288	-89.661	85.251	19	323	463	25
289	93.359	17.904	19	392	548	16
290	57.392	39.208	13	237	385	23
291	-68.251	-9.958	10	87	242	7
292	-71.557	-36.715	17	289	458	5
293	-14.524	89.167	10	94	263	18
294	8.039	53.054	18	389	493	11
295	60.93	37.364	3	273	385	10
296	-98.054	-62.054	12	290	443	13
297	-18.945	-64.643	7	391	541	6
298	-54.479	-87.044	9	123	217	7
299	-26.151	-94.12	20	303	415	18
300	41.159	-70.376	20	477	653	1
301	-8.113	45.164	21	91	261	12
302	5.719	-69.297	15	125	295	6
303	16.737	13.999	7	449	560	4
304	-68.07	-37.383	22	86	229	23
305	90.854	-12.755	19	250	421	7
306	82.599	56.945	16	268	399	9
307	-73.608	53.311	21	160	305	22
308	86.904	51.033	4	443	538	3
309	-38.314	-2.919	20	220	356	3
310	-31.951	90.2	3	147	273	15
311	-66.08	92.757	24	173	303	16
312	-61	-76.207	2	449	539	24
313	-70.4	51.207	13	262	417	25
314	-45.384	-37.226	25	171	286	16
315	-29.071	-16.73	20	395	505	9
316	0.891	14.371	17	465	570	1
317	-50.982	-0.558	23	429	584	4
318	-86.846	-40.739	5	373	520	14
319	-56.905	-90.4	1	126	302	15
320	-98.436	60.291	4	200	291	5
321	16.876	-25.749	9	345	437	7
322	-76.032	-6.08	7	182	296	1
323	58.256	70.29	13	473	629	1
324	-43.192	94.758	2	270	423	4
325	-80.935	-67.892	9	162	288	25
326	48.066	-82.159	6	281	426	2
327	23.805	22.964	4	192	361	25
328	-25.54	84.101	4	137	295	20
329	90.076	23.883	23	377	487	5
330	-49.712	76.162	25	208	332	15
331	-74.976	16.511	24	310	457	3
332	9.806	-64.46	20	462	600	14
333	-39.537	17.082	18	262	406	6
334	-0.326	21.885	24	142	261	20
335	55.316	-50.975	8	218	378	6
336	54.429	-37.561	18	199	306	15
337	-73.911	29.639	2	247	422	17
338	35.748	-82.187	24	268	410	15
339	58.624	36.732	9	254	381	1
340	-97.904	-67.77	2	361	504	3
341	82.049	11.889	8	126	260	2
342	27.552	-71.304	24	126	252	22
343	-68.397	26.445	10	313	407	24
344	-1.506	26.509	5	289	458	9
345	18.466	-52.826	4	344	467	5
346	-17.836	83.8	20	124	214	11
347	78.547	30.537	8	343	461	15
348	-81.505	79.09	24	336	438	6
349	-81.554	74.666	18	137	292	17
350	-47.398	-83.47	16	231	365	3
351	-2.507	-72.084	20	129	284	22
352	-16.36	99.113	15	184	341	19
353	-49.633	-42.145	16	93	210	6
354	77.193	-90.581	13	332	478	25
355	-37.834	-84.422	2	114	278	7
356	74.247	-48.119	4	141	320	18
357	16.36	-18.325	14	150	240	13
358	73.656	-39.008	19	218	370	17
359	-21.892	84.581	7	277	384	19
360	-11.789	-18.976	12	213	382	22
361	-16.962	43.168	20	265	385	22
362	-83.289	-56.239	7	265	409	2
363	67.037	4.975	9	238	397	3
364	-29.358	-85.877	11	161	261	5
365	-57.893	-88.917	25	324	450	20
366	-88.691	4.523	9	443	617	16
367	49.394	1.532	11	172	344	9
368	1.442	-23.599	7	204	332	20
369	19.846	-31.792	9	137	243	2
370	-81.837	67.918	8	365	475	9
371	57.841	10.655	4	172	301	6
372	-61.91	6.282	18	156	275	21
373	0.556	-36.577	23	219	358	7
374	-61.624	38.528	1	81	209	25
375	-38.309	-90.507	16	111	268	6
376	-98.35	-91.793	2	479	620	14
377	17.601	-11.336	9	146	237	3
378	87.995	8.526	22	155	282	13
379	-82.823	-57.76	20	151	258	18
380	43.5	-44.233	9	287	385	23
381	-85.31	-22.107	20	111	276	11
382	-99.301	-33.313	6	302	438	18
383	-9.558	-4.78	23	309	474	5
384	-3.536	52.261	6	114	241	11
385	-31.742	61.593	8	80	173	24
386	-69.25	84.881	13	106	268	14
387	2.1	-20.161	18	113	273	2
388	97.266	14.248	4	155	271	13
389	-13.831	-90.172	14	434	557	12
390	60.366	-70.903	16	108	255	17
391	51.401	-9.408	13	137	251	22
392	83.059	63.785	15	355	525	12
393	50.318	-50.419	2	353	446	20
394	67.298	73.711	11	362	502	7
395	29.476	-18.334	16	284	438	15
396	-56.177	48.002	20	363	527	2
397	-73.613	-23.673	12	69	184	7
398	49.143	-59.275	2	328	475	13
399	37.508	99.189	4	215	364	17
400	55.565	89.13	1	261	390	13
401	-37.53	52.127	3	144	271	19
402	-41.782	80.566	12	387	502	8
403	-67.887	-47.081	22	464	588	21
404	-71.875	64.92	24	280	440	17
405	30.537	16.541	9	304	465	7
406	5.429	-36.924	6	354	511	17
407	-19.466	-94.773	7	251	365	20
408	94.995	37.283	11	125	286	22
409	-59.284	-51.669	21	75	254	14
410	83.677	-37.87	7	154	271	15
411	-31.282	76.958	16	410	590	6
412	-21.775	-62.707	23	411	511	14
413	-38.303	79.185	15	160	316	14
414	-65.405	-2.976	18	198	343	16
415	-42.148	-93.52	6	207	330	23
416	-45.922	64.594	17	220	342	19
417	20.708	52.909	19	245	407	24
418	39.221	-92.221	16	300	431	12
419	-16.407	-25.092	19	200	308	19
420	-88.039	99.59	8	475	580	25
421	44.941	-83.928	5	428	537	13
422	11.889	29.626	13	398	524	12
423	-87.778	-31.8	1	386	531	25
424	-23.326	-49.252	15	95	221	7
425	44.533	15.419	10	464	595	25
426	77.683	56.199	21	452	559	5
427	-99.186	69.319	3	433	541	8
428	70.024	-10.589	15	460	599	9
429	48.44	39.212	21	87	208	8
430	-10.537	-8.642	7	390	507	2
431	5.848	4.905	5	386	537	1
432	-82.654	41.072	22	139	277	17
433	-27.619	-79.653	19	430	565	9
434	50.121	54.521	22	86	212	25
435	70.688	27.688	18	205	295	14
436	-37.749	-28.9	7	169	277	3
437	68.157	66.833	10	182	281	17
438	-77.422	71.717	8	408	569	22
439	71.045	71.232	7	385	496	25
440	-19.769	39.49	3	301	443	25
441	-92.568	-64.347	12	71	226	11
442	22.94	-97.178	6	344	504	4
443	-96.173	8.074	15	190	354	12
444	17.682	-69.748	14	478	594	17
445	-57.768	39.715	3	103	245	13
446	-43.472	-70.011	9	207	356	10
447	76.019	-94.839	17	368	535	16
448	-25.947	-12.209	21	98	211	6
449	-63.408	-32.63	11	104	265	5
450	-27.557	30.459	25	106	238	8
451	82.636	42.331	2	166	316	6
452	-99.622	-10.417	21	282	390	18
453	-96.408	-90.976	5	438	614	17
454	75.591	33.895	17	234	411	17
455	-97.661	-68.98	5	84	238	20
456	78.338	95.216	12	62	234	2
457	64.916	75.631	6	212	309	7
458	-97.571	40.149	9	185	327	11
459	-41.943	75.364	11	118	283	11
460	-93.925	11.645	20	384	494	24
461	56.102	-95.681	21	78	180	21
462	16.477	-25.814	2	66	162	23
463	-42.382	76.447	12	64	171	13
464	-44.745	78.318	21	468	602	13
465	-70.17	-50.321	6	400	521	21
466	43.628	6.119	24	289	467	21
467	55.957	-58.153	24	218	336	7
468	20.394	34.159	18	156	333	1
469	-80.586	-94.243	22	351	445	21
470	-72.56	99.292	12	298	444	23
471	88.007	15.369	15	129	263	15
472	-48.437	-54.38	21	375	541	25
473	-99.368	18.267	11	346	508	5
474	28.532	-88.483	17	345	469	20
475	98.434	-83.286	15	114	282	14
476	-92.193	-55.04	13	444	550	3
477	-1.879	36.763	12	185	303	3
478	68.398	33.017	23	204	323	2
479	-59.529	76.935	20	441	611	2
480	59.374	43.436	1	139	269	8
481	-21.933	27.263	20	231	399	7
482	-76.104	59.656	1	437	615	9
483	-80.412	18.087	15	212	382	6
484	30.871	-61.571	19	476	596	8
485	88.587	96.736	8	156	318	20
486	7.128	81.991	23	175	321	18
487	-90.995	-67.043	13	350	502	8
488	-4.581	57.715	18	375	481	16
489	-89.568	97.849	22	293	408	12
490	-27.695	23.315	9	276	434	14
491	23.934	8.48	18	354	471	3
492	4.498	92.682	14	244	399	7
493	90.895	44.75	1	233	393	15
494	53.032	-15.794	25	160	257	21
495	-94.632	-37.316	25	395	547	24
496	83.173	0.908	17	276	389	24
497	-53.805	-22.039	16	127	239	8
498	-69.111	28.013	24	245	345	11
499	-25.602	-82.965	14	129	225	2
500	81.065	92.421	16	229	387	1
501	-60.961	57.279	25	472	634	17
502	-7.482	97.751	25	188	329	19
503	-13.912	-57.282	4	153	329	6
504	-34.426	-48.883	24	279	446	14
505	52.381	47.645	6	72	198	17
506	-38.001	3.211	25	155	283	1
507	-83.29	-97.839	5	159	282	10
508	76.956	-87.147	8	166	335	23
509	71.79	-23.471	4	284	434	17
510	-18.26	67.64	4	314	459	8
511	-45.884	82.377	12	89	202	19
512	45.182	-13.815	22	477	634	23
513	-16.579	-91.529	21	138	239	20
514	79.309	-48.181	11	346	506	3
515	-22.648	-80.734	8	246	386	16
516	48.55	-77.742	9	133	286	7
517	66.838	44.888	5	211	341	3
518	-84.768	-79.497	6	271	416	1
519	-52.882	42.124	8	198	371	17
520	91.457	8.581	17	68	197	14
521	-70.771	44.683	25	296	394	25
522	-38.296	70.884	3	235	356	5
523	78.806	77.5	14	331	473	8
524	-17.485	-94.26	4	401	509	1
525	3.023	31.798	16	228	348	21
526	16.812	-55.327	12	432	573	4
527	25.24	-84.17	11	435	583	13
528	-82.696	-57.59	22	120	241	5
529	-27.46	61.856	9	261	401	25
530	-86.587	80.24	4	150	319	11
531	-34.357	20.982	16	303	395	5
532	95.827	-61.133	8	471	614	23
533	-85.297	79.473	11	465	635	14
534	13.355	-27.539	2	213	359	8
535	-96.872	35.735	18	320	462	12
536	-62.539	45.069	21	344	486	10
537	92.63	-37.475	8	330	457	5
538	-69.398	32.868	10	433	567	6
539	43.035	78.401	4	97	261	5
540	-78.774	-97.845	24	151	254	1
541	63.122	-28.211	25	290	397	2
542	-50.127	-7.132	2	71	228	7
543	67.502	-4.767	10	355	501	14
544	87.95	68.081	20	160	314	6
545	19.967	-6.369	22	395	515	4
546	77.513	37.872	11	208	327	10
547	-30.657	-37.889	1	151	306	21
548	-32.922	-57.05	18	205	328	6
549	-88.654	67.289	1	189	280	5
550	-70.256	81.637	18	301	470	13
551	78.346	73.703	8	138	257	9
552	-84.333	-80.772	21	457	635	1
553	-36.57	-23.585	7	224	395	7
554	-3.343	96.136	25	86	257	18
555	-27.868	27.847	5	141	302	24
556	22.987	11.002	22	414	560	18
557	-40.126	83.374	24	80	213	12
558	93.385	-75.927	13	253	352	22
559	-70.184	-69.884	11	212	302	3
560	-76.195	78.467	7	220	390	4
561	-70.312	-96.751	5	135	272	13
562	-17.638	95.431	10	444	570	20
563	-89.402	6.426	23	131	263	16
564	92.973	27.36	16	103	231	22
565	53.399	-12.485	7	351	499	9
566	-97.435	-41.61	5	461	622	20
567	-49.654	-55.233	7	367	547	22
568	-11.199	-83.05	9	303	444	6
569	-82.244	-83.4	10	273	406	18
570	-26.095	57.655	21	136	255	1
571	-49.244	93.869	20	381	490	25
572	-54.417	55.83	20	219	324	15
573	53.013	-63.241	14	384	518	20
574	51.548	90.756	13	260	406	12
575	-83.565	84.086	4	295	400	17
576	-80.13	3.963	19	448	612	15
577	-91.688	14.637	15	151	269	25
578	-1.964	-4.737	19	187	366	2
579	-20.578	-7.082	18	322	491	2
580	-55.77	18.579	4	467	612	21
581	73.503	91.074	6	249	339	10
582	72.24	56.12	22	111	275	19
583	-45.032	42.513	24	459	583	15
584	30.536	-85.699	4	124	291	23
585	65.113	87.452	9	355	459	1
586	26.49	-78.842	23	344	469	14
587	-22.337	42.121	20	474	576	20
588	84.538	-60.209	20	339	456	6
589	50.983	93.897	21	302	409	11
590	67.771	-41.162	24	451	567	12
591	-26.761	-11.111	10	87	195	1
592	72.466	55.413	15	229	388	15
593	-10.946	-81.136	2	331	457	8
594	88.799	4.174	16	472	631	18
595	95.111	84.526	24	304	422	23
596	-15.398	70.27	3	373	538	17
597	34.859	3.087	4	219	371	4
598	-72.079	-63.477	8	300	461	5
599	-7.708	63.376	13	310	418	4
600	38.759	-76.813	23	194	292	12
601	-7.31	-17.889	15	82	185	7
602	46.213	58.74	12	448	545	19
603	15.571	-24.527	9	346	519	18
604	89.007	15.6	21	244	354	24
605	8.629	6.921	25	270	439	1
606	-87.182	89.72	7	259	398	3
607	-60.518	48.371	13	274	443	17
608	-87.307	95.3	17	316	483	10
609	44.515	-15.86	22	102	270	15
610	47.418	60.176	21	217	359	17
611	40.465	-28.865	17	287	422	10
612	-25.052	57.65	10	340	501	12
613	-19.842	-88.066	21	275	455	16
614	8.498	21.597	3	331	437	10
615	-4.075	-57.002	2	100	279	17
616	-98.297	-26.045	11	126	286	5
617	-27.286	12.747	14	312	431	15
618	-30.609	-58.8	6	89	242	4
619	8.692	-91.843	3	173	287	23
620	65.178	-5.969	13	163	267	5
621	54.953	-96.962	6	387	497	19
622	-97.103	58.234	17	292	385	11
623	97.477	81.35	23	150	255	13
624	99.274	-85.273	10	325	490	11
625	-92.125	-39.229	15	284	403	15
626	-80.296	99.275	18	372	472	22
627	-4.521	89.601	25	160	290	24
628	96.536	-32.462	8	468	593	15
629	89.958	60.167	10	113	286	24
630	-21.204	34.464	18	348	484	15
631	-92.189	42.041	15	421	548	3
632	26.647	-63.615	24	242	360	3
633	40.766	99.974	7	200	369	8
634	4.379	-64.345	23	317	408	14
635	63.061	-96.523	7	392	560	2
636	98.325	25.41	11	454	572	11
637	-56.628	29.761	20	345	447	24
638	56.193	57.227	7	66	158	11
639	45.472	-99.471	12	442	603	8
640	-60.104	-51.658	6	277	383	3
641	-80.829	-63.209	16	370	481	20
642	40.768	50.552	10	334	467	19
643	-98.795	-32.312	13	194	298	19
644	7.254	68.995	13	442	567	15
645	18.751	60.037	19	467	607	6
646	-86.017	49.064	4	117	257	11
647	23.47	90.202	5	330	428	10
648	4.737	-5.327	9	248	347	13
649	-61.012	-46.769	1	337	437	15
650	52.708	44.977	23	164	319	13
651	-94.753	93.277	9	399	502	17
652	-83.249	49.102	18	259	387	24
653	-17.236	75.374	8	248	424	9
654	-36.693	7.705	8	293	421	1
655	-46.207	15.097	13	76	192	25
656	-6.468	-91.945	18	410	536	11
657	-51.296	-15.225	8	152	299	14
658	-6.889	-49.82	6	422	517	11
659	-89.393	-96.668	2	71	213	24
660	19.356	-7.406	19	239	409	23
661	-2.372	24.513	10	150	324	18
662	-11.309	-9.908	22	360	456	6
663	-74.272	1.343	12	371	515	15
664	-21.771	-28.745	12	318	424	8
665	-73.34	94.352	5	110	269	21
666	95.052	0.394	12	290	447	23
667	62.608	-60.888	19	467	636	1
668	-51.504	99.99	11	75	246	9
669	-44.223	93.128	9	122	279	4
670	47.821	-11.473	23	422	513	1
671	-64.714	29.571	24	378	518	19
672	-23.929	3.157	2	152	254	2
673	-62.563	-45.039	16	245	414	1
674	46.004	-66.752	3	461	598	1
675	84.428	38.377	5	66	211	19
676	12.02	62.104	3	403	577	24
677	-50.426	-50.313	12	344	484	17
678	-28.652	-75.214	13	447	585	9
679	-72.342	-83.697	16	153	250	8
680	-83.853	61.193	17	234	344	15
681	-11.443	77.977	20	85	209	3
682	-92.898	37.233	17	172	304	2
683	-38.229	-35.867	7	396	562	6
684	-36.878	-96.437	24	475	626	1
685	-15.449	88.184	19	447	584	14
686	-48.313	75.371	18	162	310	21
687	0.269	-25.621	12	319	410	10
688	-25.088	71.701	19	352	524	12
689	11.896	-83.981	13	424	565	6
690	25.915	64.022	9	72	177	16
691	-33.555	-28.986	12	186	280	2
692	33.041	83.359	22	320	463	22
693	-59.485	-88.316	3	194	354	10
694	90.285	-92.028	19	114	234	13
695	43.353	81.992	23	186	310	18
696	52.495	-92.793	19	345	509	7
697	19.004	57.367	13	434	571	8
698	-53.581	69.173	1	332	450	15
699	-88.217	-96.166	21	466	591	22
700	45.421	86.728	24	99	239	2
701	87.768	37.918	17	444	553	11
702	-23.6	-90.025	1	158	249	15
703	-72.567	52.39	17	64	165	18
704	-27.904	88.116	13	263	402	10
705	93.39	-99.869	2	261	374	4
706	-49.306	-8.166	16	168	291	17
707	-47.948	58.213	18	94	196	18
708	-99.678	86.905	25	413	553	4
709	81.572	-36.695	16	283	440	7
710	54.545	23.866	15	308	441	11
711	-94.315	89.361	7	280	386	16
712	94.715	1.41	7	335	507	10
713	-67.271	-38.55	22	423	594	6
714	88.41	-76.07	13	321	479	5
715	62.192	-73.395	11	116	235	2
716	-36.396	62.007	2	224	359	25
717	20.274	-61.074	3	139	236	3
718	95.206	-26.909	19	170	287	13
719	12.644	70.267	22	269	359	12
720	-18.888	72.497	18	448	608	11
721	-84.995	-79.233	8	423	597	14
722	-48.966	-88.937	5	352	499	4
723	-16.023	66.94	9	81	188	24
724	-24.162	47.72	21	458	631	4
725	-91.917	76.165	7	204	335	6
726	-27.548	-65.902	3	86	203	3
727	53.39	-62.335	19	419	562	25
728	34.508	76.878	21	346	506	25
729	-38.221	-80.407	10	406	541	8
730	95.983	18.751	21	465	641	15
731	-35.507	-51.476	4	314	446	22
732	-48.819	35.477	18	267	419	8
733	-60.245	-68.289	17	343	522	15
734	-36.753	-70.981	10	214	335	20
735	-85.12	-89.277	16	151	264	7
736	-76.728	-3.117	3	147	316	17
737	27.865	-30.569	17	116	235	18
738	-28.618	-31.981	20	111	208	20
739	81.219	18.097	14	353	463	9
740	-13.241	-85.219	17	323	458	2
741	-41.644	-96.769	13	219	392	3
742	51.088	-29.67	7	159	256	1
743	-33.43	-93.188	8	459	571	22
744	9.018	90.888	14	207	378	11
745	-71.808	56.635	2	378	494	17
746	84.16	-31.976	10	116	249	2
747	-44.312	-9.621	25	284	456	16
748	-2.506	-75.704	12	366	461	8
749	40.647	-93.25	14	347	510	3
750	-89.538	61.172	9	151	289	24
751	-86.77	47.273	24	218	314	5
752	-10.815	-39.277	21	388	529	9
753	-41.306	78.926	13	182	321	7
754	43.246	-60.635	25	384	510	8
755	39.661	-54.372	20	160	327	15
756	21.123	-79.729	6	441	618	25
757	-33.062	-37.964	25	334	466	3
758	85.331	-23.661	13	438	594	4
759	-8.265	89.701	17	249	421	4
760	-32.68	-53.706	4	227	335	8
761	-8.922	90.571	19	159	282	4
762	7.112	72.266	4	426	536	13
763	37.634	-82.97	16	289	414	3
764	55.796	-25.062	21	342	444	23
765	-84.637	18.508	2	190	366	16
766	-81.025	-77.542	11	295	432	23
767	48.153	60.186	11	287	412	25
768	-56.71	-65.612	2	186	340	16
769	-46.037	67.393	2	446	564	20
770	-72.361	-70.591	20	121	250	23
771	-90.585	-7.05	24	143	273	1
772	-73.162	79.959	9	416	579	17
773	67.217	85.366	21	258	368	14
774	-68.613	-68.349	19	63	229	12
775	-99.252	-66.352	24	108	212	19
776	-84.413	-62.967	24	317	435	15
777	-54.542	-82.485	22	313	474	25
778	-68.312	97.969	10	123	269	16
779	27.56	-32.342	18	357	509	11
780	-63.012	-96.59	6	242	337	19
781	98.758	-42.422	15	65	212	5
782	-14.48	-38.43	13	70	249	14
783	-87.251	68.357	1	434	533	4
784	-27.155	-39.51	4	436	538	5
785	93.292	-59.465	11	308	472	12
786	62.407	-3.828	1	379	539	15
787	-33.323	67.417	2	462	601	10
788	77.743	34.381	4	437	559	9
789	-1.776	82.245	18	441	612	15
790	-24.851	68.574	15	162	278	13
791	92.78	-59.985	25	375	477	4
792	80.947	-44.933	13	222	342	16
793	-35.353	38.549	23	336	491	15
794	68.909	24.96	3	162	342	15
795	21.371	-9.165	15	401	499	10
796	86.867	-93.257	24	266	441	2
797	-12.914	-78.012	10	423	573	11
798	-77.963	-60.184	12	436	606	21
799	-77.772	47.538	1	356	501	21
800	-70.394	-55.15	3	400	518	6
801	-98.062	-45.386	20	115	233	23
802	48.307	-91.44	20	199	328	11
803	-40.905	87.054	8	304	427	5
804	84.78	-53.103	5	430	577	15
805	86.924	-73.159	2	473	602	2
806	-90.067	50.4	21	319	448	15
807	-87.469	-34.504	1	205	340	8
808	-81.117	-97.785	2	468	603	21
809	27.857	-34.072	10	434	556	8
810	86.382	54.933	19	208	378	8
811	-71.276	-6.169	9	153	271	11
812	-50.602	51.637	3	72	164	14
813	-98.207	-86.931	1	311	439	1
814	-37.713	8.607	7	152	254	3
815	76.394	82.615	20	201	378	9
816	67.024	44.081	2	286	456	3
817	89.911	-67.787	15	314	437	23
818	12.792	-77.573	16	269	445	7
819	32.602	79.379	17	339	467	20
820	-85.552	-74.545	16	319	434	17
821	-2.067	30.598	17	396	539	23
822	-17.588	-19.484	3	120	268	9
823	3.51	98.068	4	161	285	21
824	-87.516	11.264	5	340	494	23
825	45.812	-75.902	13	118	226	13
826	71.882	5.124	12	270	376	23
827	-31.067	58.318	10	238	373	15
828	65.082	99.021	15	316	417	21
829	-56.052	-13.811	12	118	236	24
830	-26.51	-12.784	3	292	457	20
831	-1.656	92.442	18	222	345	10
832	-29.762	-42.068	22	88	192	20
833	0.509	36.966	25	213	348	5
834	80.412	-60.601	22	241	383	24
835	-55.784	26.373	12	158	272	12
836	72.691	-52.233	1	328	505	12
837	-42.554	78.215	1	263	414	2
838	38.88	-18.445	1	140	239	16
839	-49.188	-35.911	17	93	200	11
840	85.134	19.835	13	236	357	3
841	2.279	22.286	7	103	280	5
842	-64.263	-8.569	1	260	424	20
843	21.8	4.208	20	477	617	14
844	-13.305	64.133	1	71	199	20
845	-37.673	-73.17	18	226	399	1
846	-31.692	-93.618	2	249	350	22
847	-97.364	-65.298	3	127	276	3
848	85.03	52.421	25	76	249	23
849	87.496	-55.842	10	155	300	24
850	7.713	-83.339	4	152	244	7
851	-81.234	81.319	10	412	571	15
852	63.911	-64.18	16	193	307	8
853	67.778	-33.851	3	337	451	4
854	81.622	96.369	16	200	309	5
855	-52.002	36.857	18	431	592	11
856	87.598	-44.824	7	461	569	24
857	62.311	-81.2	2	427	538	23
858	90.643	-71.205	2	86	211	4
859	74.558	-63.818	11	337	497	16
860	-73.424	29.408	12	297	414	3
861	-72.927	-66.44	4	73	220	2
862	-56.744	-12.566	17	467	608	4
863	-75.255	-62.789	24	288	460	16
864	53.461	-10.909	15	140	290	15
865	-14.406	54.799	8	282	452	2
866	-33.693	-34.059	18	118	235	16
867	-15.166	-74.484	17	313	478	11
868	-21.55	60.799	3	266	427	25
869	86.108	-10.761	6	222	343	15
870	42.287	69.491	4	429	594	6
871	73.894	-5.03	19	321	439	10
872	-29.064	57.177	4	272	397	3
873	-69.662	-46.074	17	447	565	20
874	-57.908	-71.319	12	328	459	9
875	-88.15	-61.45	15	253	355	17
876	38.336	70.675	8	65	184	18
877	75.066	92.851	17	365	502	14
878	21.153	-29.633	17	69	163	17
879	-85.024	97.27	17	126	221	4
END_SECTION
VEHICLE_BATTERY_SECTION
0
END_SECTION
VEHICLE_CAPACITY_SECTION
170
END_SECTION
BATTERY_CONSUM_RATE_SECTION
1
END_SECTION
INVERSE_REFUELING_RATE_SECTION
0.38
END_SECTION
AVERAGE_VELOCITY_SECTION
1
END_SECTION
END_FILE
