NODE_COUNT_SECTION
100
END_SECTION
DEP_COUNT_SECTION
4
END_SECTION
DEP_SECTION
0	4.163	13.559	0	0	1000	0
1	21.387	17.105	0	0	1000	0
2	-36.118	49.097	0	0	1000	0
3	-31.201	0.235	0	0	1000	0
END_SECTION
RECHARGING_STATION_COUNT_SECTION
48
END_SECTION
RECHARGING_STATION_SECTION
0	-29.73	64.136	0	0	1000	0
1	-30.664	5.463	0	0	1000	0
2	51.642	5.469	0	0	1000	0
3	-13.171	69.336	0	0	1000	0
4	-67.413	68.323	0	0	1000	0
5	48.907	6.274	0	0	1000	0
6	5.243	22.26	0	0	1000	0
7	-65.002	77.234	0	0	1000	0
8	-4.175	-1.569	0	0	1000	0
9	23.029	11.639	0	0	1000	0
10	25.482	6.287	0	0	1000	0
11	-42.615	-26.392	0	0	1000	0
12	-76.672	99.341	0	0	1000	0
13	-20.673	57.892	0	0	1000	0
14	-52.039	6.567	0	0	1000	0
15	-41.376	50.824	0	0	1000	0
16	-91.943	27.588	0	0	1000	0
17	-65.118	30.212	0	0	1000	0
18	18.597	96.716	0	0	1000	0
19	-40.942	83.209	0	0	1000	0
20	-37.756	-33.325	0	0	1000	0
21	23.767	29.083	0	0	1000	0
22	-43.03	20.453	0	0	1000	0
23	-35.297	-24.896	0	0	1000	0
24	-54.755	14.368	0	0	1000	0
25	-49.329	33.374	0	0	1000	0
26	57.404	23.822	0	0	1000	0
27	-22.754	55.408	0	0	1000	0
28	-56.622	73.34	0	0	1000	0
29	-38.562	-3.705	0	0	1000	0
30	-16.779	19.537	0	0	1000	0
31	-11.56	11.615	0	0	1000	0
32	-46.545	97.974	0	0	1000	0
33	16.229	9.32	0	0	1000	0
34	1.294	7.349	0	0	1000	0
35	-26.404	29.529	0	0	1000	0
36	4.352	14.685	0	0	1000	0
37	-50.665	-23.126	0	0	1000	0
38	-22.833	-9.814	0	0	1000	0
39	-71.1	-18.616	0	0	1000	0
40	-7.849	32.074	0	0	1000	0
41	11.877	-24.933	0	0	1000	0
42	-18.927	-23.73	0	0	1000	0
43	-11.92	11.755	0	0	1000	0
44	29.84	11.633	0	0	1000	0
45	12.268	-55.811	0	0	1000	0
46	-37.933	-21.613	0	0	1000	0
47	42.883	-2.966	0	0	1000	0
END_SECTION
CLIENT_COUNT_SECTION
48
END_SECTION
CLIENT_SECTION
0	-29.73	64.136	12	276	548	2
1	-30.664	5.463	8	98	438	7
2	51.642	5.469	16	91	330	21
3	-13.171	69.336	5	177	505	24
4	-67.413	68.323	12	282	581	1
5	48.907	6.274	5	262	445	17
6	5.243	22.26	13	223	458	6
7	-65.002	77.234	20	109	352	5
8	-4.175	-1.569	13	262	588	7
9	23.029	11.639	18	150	447	1
10	25.482	6.287	7	214	450	4
11	-42.615	-26.392	6	293	639	10
12	-76.672	99.341	9	157	452	2
13	-20.673	57.892	9	172	458	16
14	-52.039	6.567	4	233	442	23
15	-41.376	50.824	25	152	333	18
16	-91.943	27.588	5	158	385	3
17	-65.118	30.212	17	106	456	15
18	18.597	96.716	3	180	363	13
19	-40.942	83.209	16	62	297	10
20	-37.756	-33.325	25	110	468	4
21	23.767	29.083	21	242	553	23
22	-43.03	20.453	14	91	376	20
23	-35.297	-24.896	19	246	487	10
24	-54.755	14.368	14	202	382	4
25	-49.329	33.374	6	200	446	2
26	57.404	23.822	16	161	377	23
27	-22.754	55.408	9	247	579	6
28	-56.622	73.34	20	73	407	8
29	-38.562	-3.705	13	250	442	10
30	-16.779	19.537	10	125	451	7
31	-11.56	11.615	16	167	368	1
32	-46.545	97.974	19	162	506	21
33	16.229	9.32	22	75	266	6
34	1.294	7.349	14	182	507	4
35	-26.404	29.529	10	79	289	13
36	4.352	14.685	11	274	558	9
37	-50.665	-23.126	15	267	578	22
38	-22.833	-9.814	13	80	392	22
39	-71.1	-18.616	15	246	570	18
40	-7.849	32.074	8	150	419	10
41	11.877	-24.933	22	74	359	25
42	-18.927	-23.73	24	215	555	23
43	-11.92	11.755	3	232	510	4
44	29.84	11.633	25	130	408	9
45	12.268	-55.811	19	271	482	17
46	-37.933	-21.613	21	176	495	10
47	42.883	-2.966	10	262	521	17
END_SECTION
VEHICLE_BATTERY_SECTION
0
END_SECTION
VEHICLE_CAPACITY_SECTION
200
END_SECTION
BATTERY_CONSUM_RATE_SECTION
1
END_SECTION
INVERSE_REFUELING_RATE_SECTION
0.38
END_SECTION
AVERAGE_VELOCITY_SECTION
1
END_SECTION
END_FILE
