NODE_COUNT_SECTION
484
END_SECTION
DEP_COUNT_SECTION
4
END_SECTION
DEP_SECTION
0	34.43	-17.151	0	0	1000	0
1	0.269	-8.154	0	0	1000	0
2	3.14	13.297	0	0	1000	0
3	-3.113	-29.745	0	0	1000	0
END_SECTION
RECHARGING_STATION_COUNT_SECTION
240
END_SECTION
RECHARGING_STATION_SECTION
0	65.991	-49.829	0	0	1000	0
1	-36.938	-36.743	0	0	1000	0
2	-2.734	18.774	0	0	1000	0
3	31.116	-35.907	0	0	1000	0
4	2.789	8.008	0	0	1000	0
5	31.152	43.665	0	0	1000	0
6	-36.304	-21.307	0	0	1000	0
7	52.814	35.046	0	0	1000	0
8	11.267	20.66	0	0	1000	0
9	-0.623	23.114	0	0	1000	0
10	43.091	-12.36	0	0	1000	0
11	6.854	19.073	0	0	1000	0
12	-6.848	25.317	0	0	1000	0
13	-27.93	-23.712	0	0	1000	0
14	33.24	-30.487	0	0	1000	0
15	63.885	-52.881	0	0	1000	0
16	-13.672	-43.945	0	0	1000	0
17	-0.647	-27.502	0	0	1000	0
18	59.406	-49.261	0	0	1000	0
19	27.167	-5.713	0	0	1000	0
20	70.001	-20.844	0	0	1000	0
21	35.327	-65.167	0	0	1000	0
22	-14.386	-42.236	0	0	1000	0
23	19.366	30.273	0	0	1000	0
24	-39.789	10.101	0	0	1000	0
25	-15.753	-40.204	0	0	1000	0
26	-28.418	-40.503	0	0	1000	0
27	27.081	9.735	0	0	1000	0
28	22.205	-9.216	0	0	1000	0
29	-0.83	-6.525	0	0	1000	0
30	10.217	75.531	0	0	1000	0
31	7.446	18.5	0	0	1000	0
32	48.914	-20.294	0	0	1000	0
33	-18.958	-29.675	0	0	1000	0
34	16.815	-6.659	0	0	1000	0
35	2.509	-30.42	0	0	1000	0
36	15.424	4.913	0	0	1000	0
37	60.315	89.801	0	0	1000	0
38	40.405	-45.367	0	0	1000	0
39	-26.837	-54.272	0	0	1000	0
40	69.171	72.577	0	0	1000	0
41	-22.815	46.173	0	0	1000	0
42	-14.258	-30.249	0	0	1000	0
43	76.05	12.073	0	0	1000	0
44	63.043	60.022	0	0	1000	0
45	-20.239	-81.97	0	0	1000	0
46	-41.168	-42.023	0	0	1000	0
47	79.199	-29.016	0	0	1000	0
48	-20.728	-7.068	0	0	1000	0
49	-4.163	-53.497	0	0	1000	0
50	39.594	-40.46	0	0	1000	0
51	-47.125	-77.85	0	0	1000	0
52	-1.233	49.182	0	0	1000	0
53	-0.372	-27.264	0	0	1000	0
54	31.537	-8.722	0	0	1000	0
55	-0.134	-20.264	0	0	1000	0
56	66.394	-26.691	0	0	1000	0
57	6.104	-64.093	0	0	1000	0
58	13.544	-20.874	0	0	1000	0
59	54.211	-6.537	0	0	1000	0
60	22.046	-34.137	0	0	1000	0
61	-9.723	4.706	0	0	1000	0
62	-11.584	-46.857	0	0	1000	0
63	-2.905	-0.305	0	0	1000	0
64	13.837	-44.452	0	0	1000	0
65	17.48	27.747	0	0	1000	0
66	2.972	-43.689	0	0	1000	0
67	-44.354	-38.202	0	0	1000	0
68	-59.399	1.514	0	0	1000	0
69	-13.452	-75.531	0	0	1000	0
70	-5.518	-51.947	0	0	1000	0
71	-9.589	-26.88	0	0	1000	0
72	19.318	29.498	0	0	1000	0
73	26.245	36.743	0	0	1000	0
74	43.707	-28.033	0	0	1000	0
75	-52.026	-35.339	0	0	1000	0
76	-8.435	-0.116	0	0	1000	0
77	89.111	62.122	0	0	1000	0
78	6.067	-16.132	0	0	1000	0
79	27.094	-5.103	0	0	1000	0
80	27.527	-15.344	0	0	1000	0
81	42.511	32.056	0	0	1000	0
82	25.311	12.689	0	0	1000	0
83	47.778	-12.769	0	0	1000	0
84	-3.143	-13.837	0	0	1000	0
85	12.482	-78.101	0	0	1000	0
86	-21.039	-3.43	0	0	1000	0
87	-3.149	-55.432	0	0	1000	0
88	53.009	84.9	0	0	1000	0
89	35.638	-47.552	0	0	1000	0
90	43.427	-18.439	0	0	1000	0
91	6.598	-54.578	0	0	1000	0
92	87.952	94.012	0	0	1000	0
93	39.105	-48.743	0	0	1000	0
94	-48.34	-26.477	0	0	1000	0
95	72.003	-9.253	0	0	1000	0
96	-37.732	3.351	0	0	1000	0
97	-65.967	-36.749	0	0	1000	0
98	-16.669	-35.284	0	0	1000	0
99	10.742	-4.669	0	0	1000	0
100	15.594	-5.817	0	0	1000	0
101	21.606	-18.109	0	0	1000	0
102	9.784	49.28	0	0	1000	0
103	94.147	-4.492	0	0	1000	0
104	10.382	-16.302	0	0	1000	0
105	-1.453	-0.861	0	0	1000	0
106	-6.219	25.305	0	0	1000	0
107	-6.25	10.217	0	0	1000	0
108	-17.444	-70.795	0	0	1000	0
109	-55.09	-43.854	0	0	1000	0
110	-9.442	23.724	0	0	1000	0
111	8.978	35.406	0	0	1000	0
112	-16.754	-0.812	0	0	1000	0
113	66.852	-37.842	0	0	1000	0
114	14.716	-23.724	0	0	1000	0
115	33.472	20.026	0	0	1000	0
116	66.394	-70.111	0	0	1000	0
117	-5.664	8.881	0	0	1000	0
118	-5.103	-46.729	0	0	1000	0
119	-8.826	55.743	0	0	1000	0
120	5.847	-3.186	0	0	1000	0
121	-25.726	-37.695	0	0	1000	0
122	-15.363	-24.548	0	0	1000	0
123	43.793	-11.102	0	0	1000	0
124	17.664	-25.604	0	0	1000	0
125	-39.624	54.883	0	0	1000	0
126	-24.554	-43.225	0	0	1000	0
127	-26.892	-12.738	0	0	1000	0
128	34.155	-38.458	0	0	1000	0
129	-47.314	-29.468	0	0	1000	0
130	49.365	-25.592	0	0	1000	0
131	3.705	-16.449	0	0	1000	0
132	22.43	-23.273	0	0	1000	0
133	-37.549	-29.608	0	0	1000	0
134	25.549	3.674	0	0	1000	0
135	-15.216	3.284	0	0	1000	0
136	-12.939	-7.495	0	0	1000	0
137	-22.107	26.434	0	0	1000	0
138	-17.944	7.733	0	0	1000	0
139	-21.234	14.49	0	0	1000	0
140	3.503	-19.708	0	0	1000	0
141	32.599	-14.935	0	0	1000	0
142	-5.737	-28.296	0	0	1000	0
143	-6.128	-39.624	0	0	1000	0
144	-2.46	12.817	0	0	1000	0
145	-6.47	8.466	0	0	1000	0
146	-37.891	-36.115	0	0	1000	0
147	10.852	-18.75	0	0	1000	0
148	50.104	8.636	0	0	1000	0
149	46.844	4.712	0	0	1000	0
150	19.598	-10.406	0	0	1000	0
151	-38.947	52.942	0	0	1000	0
152	-0.641	-21.289	0	0	1000	0
153	40.906	-33.765	0	0	1000	0
154	-0.574	-62.299	0	0	1000	0
155	-9.778	26.794	0	0	1000	0
156	34.265	-23.895	0	0	1000	0
157	29.572	-24.561	0	0	1000	0
158	16.376	-58.887	0	0	1000	0
159	61.877	-15.167	0	0	1000	0
160	40.088	-9.625	0	0	1000	0
161	0.122	-4.645	0	0	1000	0
162	-8.929	-43.903	0	0	1000	0
163	-7.135	-57.434	0	0	1000	0
164	7.55	-21.21	0	0	1000	0
165	3.949	7.3	0	0	1000	0
166	-15.118	92.023	0	0	1000	0
167	84.821	-24.518	0	0	1000	0
168	-52.325	30.682	0	0	1000	0
169	7.538	13.818	0	0	1000	0
170	-21.484	30.359	0	0	1000	0
171	36.047	29.883	0	0	1000	0
172	12.781	-40.942	0	0	1000	0
173	-17.291	-10.254	0	0	1000	0
174	-10.541	12.402	0	0	1000	0
175	-15.845	-59.46	0	0	1000	0
176	29.266	-2.222	0	0	1000	0
177	-12.598	-58.929	0	0	1000	0
178	-17.303	-35.297	0	0	1000	0
179	57.05	-50.354	0	0	1000	0
180	26.941	17.444	0	0	1000	0
181	-6.195	-8.881	0	0	1000	0
182	16.98	-16.321	0	0	1000	0
183	83.71	-32.52	0	0	1000	0
184	12.451	34.589	0	0	1000	0
185	15.057	67.004	0	0	1000	0
186	25.818	-5.835	0	0	1000	0
187	13.666	-14.832	0	0	1000	0
188	48.322	-5.164	0	0	1000	0
189	13.489	19.739	0	0	1000	0
190	-18.512	65.405	0	0	1000	0
191	17.554	38.379	0	0	1000	0
192	37.775	-16.003	0	0	1000	0
193	47.968	-30.31	0	0	1000	0
194	38.806	36.243	0	0	1000	0
195	-16.089	-42.841	0	0	1000	0
196	28.656	-1.99	0	0	1000	0
197	-5.859	-1.862	0	0	1000	0
198	60.516	63.416	0	0	1000	0
199	63.196	-47.766	0	0	1000	0
200	-15.308	-23.285	0	0	1000	0
201	-2.875	0.787	0	0	1000	0
202	32.056	-10.175	0	0	1000	0
203	-18.634	-25.665	0	0	1000	0
204	-3.632	25.433	0	0	1000	0
205	10.48	22.888	0	0	1000	0
206	1.819	-3.009	0	0	1000	0
207	-25.275	-12.183	0	0	1000	0
208	56.927	-75.507	0	0	1000	0
209	13.885	-36.23	0	0	1000	0
210	32.52	-29.523	0	0	1000	0
211	4.803	-7.288	0	0	1000	0
212	11.365	-8.344	0	0	1000	0
213	17.126	-24.646	0	0	1000	0
214	-33.661	-41.241	0	0	1000	0
215	-32.391	-50.885	0	0	1000	0
216	23.041	-14.496	0	0	1000	0
217	-21.857	-39.502	0	0	1000	0
218	32.013	77.332	0	0	1000	0
219	13.831	-76.19	0	0	1000	0
220	-8.051	-21.179	0	0	1000	0
221	25.391	46.613	0	0	1000	0
222	49.536	-54.639	0	0	1000	0
223	63.416	-8.636	0	0	1000	0
224	2.301	-5.536	0	0	1000	0
225	52.423	29.895	0	0	1000	0
226	9.296	-16.254	0	0	1000	0
227	34.845	-96.185	0	0	1000	0
228	-21.063	-41.498	0	0	1000	0
229	28.448	10.242	0	0	1000	0
230	16.254	-22.583	0	0	1000	0
231	-36.639	-34.033	0	0	1000	0
232	-27.356	-50.177	0	0	1000	0
233	-53.705	11.334	0	0	1000	0
234	26.276	-5.994	0	0	1000	0
235	-31.519	34.589	0	0	1000	0
236	-14.612	-31.506	0	0	1000	0
237	-4.242	-30.865	0	0	1000	0
238	-18.524	-29.486	0	0	1000	0
239	-17.133	-19.397	0	0	1000	0
END_SECTION
CLIENT_COUNT_SECTION
240
END_SECTION
CLIENT_SECTION
0	65.991	-49.829	10	211	530	20
1	-36.938	-36.743	25	205	555	20
2	-2.734	18.774	18	92	331	13
3	31.116	-35.907	16	210	400	13
4	2.789	8.008	14	295	640	17
5	31.152	43.665	7	157	457	24
6	-36.304	-21.307	9	79	402	15
7	52.814	35.046	16	144	413	12
8	11.267	20.66	24	83	392	20
9	-0.623	23.114	6	195	482	20
10	43.091	-12.36	22	80	321	3
11	6.854	19.073	11	158	431	8
12	-6.848	25.317	19	278	527	16
13	-27.93	-23.712	20	175	491	20
14	33.24	-30.487	20	187	389	21
15	63.885	-52.881	16	216	564	23
16	-13.672	-43.945	5	193	431	21
17	-0.647	-27.502	21	175	451	3
18	59.406	-49.261	19	62	288	19
19	27.167	-5.713	18	216	492	20
20	70.001	-20.844	22	268	587	7
21	35.327	-65.167	19	217	537	14
22	-14.386	-42.236	15	115	328	24
23	19.366	30.273	24	175	432	3
24	-39.789	10.101	20	226	563	13
25	-15.753	-40.204	17	182	423	1
26	-28.418	-40.503	20	251	503	5
27	27.081	9.735	12	132	444	2
28	22.205	-9.216	23	88	279	9
29	-0.83	-6.525	15	190	540	18
30	10.217	75.531	19	267	549	5
31	7.446	18.5	23	267	567	12
32	48.914	-20.294	9	192	533	11
33	-18.958	-29.675	21	224	488	17
34	16.815	-6.659	17	215	569	21
35	2.509	-30.42	6	277	632	5
36	15.424	4.913	10	226	438	5
37	60.315	89.801	9	200	477	7
38	40.405	-45.367	19	265	516	24
39	-26.837	-54.272	17	147	462	1
40	69.171	72.577	22	151	429	12
41	-22.815	46.173	8	255	543	6
42	-14.258	-30.249	25	285	529	5
43	76.05	12.073	13	182	484	19
44	63.043	60.022	1	128	372	23
45	-20.239	-81.97	15	280	505	8
46	-41.168	-42.023	16	122	428	1
47	79.199	-29.016	20	288	566	20
48	-20.728	-7.068	14	186	545	16
49	-4.163	-53.497	2	141	329	8
50	39.594	-40.46	5	86	371	16
51	-47.125	-77.85	16	180	403	25
52	-1.233	49.182	12	87	364	5
53	-0.372	-27.264	1	120	406	10
54	31.537	-8.722	15	210	537	24
55	-0.134	-20.264	5	279	469	16
56	66.394	-26.691	9	132	455	7
57	6.104	-64.093	8	111	308	14
58	13.544	-20.874	2	191	484	11
59	54.211	-6.537	10	183	433	15
60	22.046	-34.137	25	252	562	23
61	-9.723	4.706	24	240	461	5
62	-11.584	-46.857	7	272	583	16
63	-2.905	-0.305	14	226	554	13
64	13.837	-44.452	3	267	490	18
65	17.48	27.747	23	247	500	14
66	2.972	-43.689	21	164	492	3
67	-44.354	-38.202	13	126	406	22
68	-59.399	1.514	15	120	366	16
69	-13.452	-75.531	14	279	532	16
70	-5.518	-51.947	7	108	370	2
71	-9.589	-26.88	20	247	475	19
72	19.318	29.498	6	78	398	23
73	26.245	36.743	24	216	466	6
74	43.707	-28.033	17	215	436	11
75	-52.026	-35.339	3	182	409	19
76	-8.435	-0.116	15	185	496	3
77	89.111	62.122	6	163	393	14
78	6.067	-16.132	21	269	526	14
79	27.094	-5.103	25	200	397	19
80	27.527	-15.344	18	158	399	3
81	42.511	32.056	1	196	474	18
82	25.311	12.689	19	208	388	24
83	47.778	-12.769	17	248	514	6
84	-3.143	-13.837	20	227	456	1
85	12.482	-78.101	1	76	312	3
86	-21.039	-3.43	13	106	444	15
87	-3.149	-55.432	25	135	432	18
88	53.009	84.9	16	249	564	5
89	35.638	-47.552	5	131	470	23
90	43.427	-18.439	18	113	431	10
91	6.598	-54.578	17	158	342	20
92	87.952	94.012	15	245	428	11
93	39.105	-48.743	13	192	487	16
94	-48.34	-26.477	15	138	352	15
95	72.003	-9.253	2	263	498	19
96	-37.732	3.351	1	177	373	4
97	-65.967	-36.749	9	176	406	14
98	-16.669	-35.284	16	212	394	23
99	10.742	-4.669	6	132	476	11
100	15.594	-5.817	18	183	533	21
101	21.606	-18.109	24	160	424	14
102	9.784	49.28	24	106	336	16
103	94.147	-4.492	9	204	532	25
104	10.382	-16.302	19	297	488	17
105	-1.453	-0.861	12	189	520	16
106	-6.219	25.305	22	114	374	13
107	-6.25	10.217	13	263	578	23
108	-17.444	-70.795	20	143	384	10
109	-55.09	-43.854	25	282	535	2
110	-9.442	23.724	1	137	494	15
111	8.978	35.406	24	160	473	14
112	-16.754	-0.812	10	271	520	22
113	66.852	-37.842	22	183	415	15
114	14.716	-23.724	14	162	408	16
115	33.472	20.026	12	255	453	12
116	66.394	-70.111	23	114	327	14
117	-5.664	8.881	14	274	613	15
118	-5.103	-46.729	23	241	497	11
119	-8.826	55.743	25	163	476	11
120	5.847	-3.186	5	228	435	4
121	-25.726	-37.695	7	295	537	23
122	-15.363	-24.548	25	201	391	13
123	43.793	-11.102	11	102	437	22
124	17.664	-25.604	18	182	457	17
125	-39.624	54.883	18	202	472	2
126	-24.554	-43.225	1	275	523	5
127	-26.892	-12.738	7	288	473	14
128	34.155	-38.458	22	262	480	1
129	-47.314	-29.468	7	272	468	13
130	49.365	-25.592	3	274	481	8
131	3.705	-16.449	18	68	362	24
132	22.43	-23.273	8	260	597	12
133	-37.549	-29.608	6	211	465	23
134	25.549	3.674	7	157	458	1
135	-15.216	3.284	20	137	444	2
136	-12.939	-7.495	10	158	436	8
137	-22.107	26.434	2	166	407	18
138	-17.944	7.733	3	106	465	14
139	-21.234	14.49	10	170	371	23
140	3.503	-19.708	5	298	572	14
141	32.599	-14.935	25	254	559	4
142	-5.737	-28.296	23	75	351	24
143	-6.128	-39.624	21	257	463	9
144	-2.46	12.817	13	84	381	15
145	-6.47	8.466	1	64	250	10
146	-37.891	-36.115	11	279	468	3
147	10.852	-18.75	6	154	415	12
148	50.104	8.636	9	253	611	6
149	46.844	4.712	17	60	374	1
150	19.598	-10.406	13	214	572	24
151	-38.947	52.942	23	183	429	3
152	-0.641	-21.289	19	78	417	4
153	40.906	-33.765	11	294	582	7
154	-0.574	-62.299	12	277	500	21
155	-9.778	26.794	18	178	470	1
156	34.265	-23.895	25	299	541	24
157	29.572	-24.561	13	69	360	5
158	16.376	-58.887	24	250	469	23
159	61.877	-15.167	5	90	343	5
160	40.088	-9.625	14	263	600	17
161	0.122	-4.645	18	198	438	24
162	-8.929	-43.903	25	141	384	23
163	-7.135	-57.434	11	69	397	3
164	7.55	-21.21	18	78	367	5
165	3.949	7.3	23	199	457	22
166	-15.118	92.023	22	281	629	9
167	84.821	-24.518	20	287	594	23
168	-52.325	30.682	11	91	429	15
169	7.538	13.818	11	260	577	15
170	-21.484	30.359	19	194	441	11
171	36.047	29.883	13	248	578	20
172	12.781	-40.942	24	106	306	10
173	-17.291	-10.254	6	295	606	24
174	-10.541	12.402	5	70	388	10
175	-15.845	-59.46	24	222	487	6
176	29.266	-2.222	7	239	446	22
177	-12.598	-58.929	13	161	347	25
178	-17.303	-35.297	25	294	639	11
179	57.05	-50.354	15	261	509	6
180	26.941	17.444	15	70	411	9
181	-6.195	-8.881	16	101	434	6
182	16.98	-16.321	5	222	518	12
183	83.71	-32.52	15	133	325	4
184	12.451	34.589	24	172	414	24
185	15.057	67.004	15	181	413	18
186	25.818	-5.835	9	286	566	3
187	13.666	-14.832	19	192	468	18
188	48.322	-5.164	15	232	420	17
189	13.489	19.739	2	189	427	23
190	-18.512	65.405	3	232	437	10
191	17.554	38.379	18	60	303	22
192	37.775	-16.003	20	281	614	5
193	47.968	-30.31	14	215	400	16
194	38.806	36.243	10	207	427	10
195	-16.089	-42.841	6	150	344	10
196	28.656	-1.99	17	201	400	9
197	-5.859	-1.862	20	250	470	5
198	60.516	63.416	3	134	470	9
199	63.196	-47.766	14	293	493	12
200	-15.308	-23.285	12	168	383	16
201	-2.875	0.787	2	223	492	8
202	32.056	-10.175	11	260	542	1
203	-18.634	-25.665	16	240	577	1
204	-3.632	25.433	18	103	363	18
205	10.48	22.888	14	262	542	22
206	1.819	-3.009	6	231	566	20
207	-25.275	-12.183	12	144	394	4
208	56.927	-75.507	21	296	551	15
209	13.885	-36.23	1	195	383	7
210	32.52	-29.523	18	60	300	25
211	4.803	-7.288	17	290	513	3
212	11.365	-8.344	15	72	361	22
213	17.126	-24.646	4	224	517	5
214	-33.661	-41.241	18	105	453	1
215	-32.391	-50.885	22	74	411	9
216	23.041	-14.496	16	280	538	16
217	-21.857	-39.502	14	127	403	23
218	32.013	77.332	25	291	606	5
219	13.831	-76.19	15	68	307	5
220	-8.051	-21.179	6	217	525	6
221	25.391	46.613	7	119	376	16
222	49.536	-54.639	21	269	461	25
223	63.416	-8.636	3	226	456	1
224	2.301	-5.536	15	298	552	25
225	52.423	29.895	24	227	528	17
226	9.296	-16.254	2	266	607	11
227	34.845	-96.185	17	206	476	24
228	-21.063	-41.498	2	117	447	10
229	28.448	10.242	25	132	489	12
230	16.254	-22.583	15	216	536	17
231	-36.639	-34.033	3	154	461	18
232	-27.356	-50.177	1	99	307	5
233	-53.705	11.334	1	166	420	16
234	26.276	-5.994	20	68	259	9
235	-31.519	34.589	19	251	560	6
236	-14.612	-31.506	2	225	467	1
237	-4.242	-30.865	9	134	451	4
238	-18.524	-29.486	4	66	334	20
239	-17.133	-19.397	16	232	421	19
END_SECTION
VEHICLE_BATTERY_SECTION
0
END_SECTION
VEHICLE_CAPACITY_SECTION
180
END_SECTION
BATTERY_CONSUM_RATE_SECTION
1
END_SECTION
INVERSE_REFUELING_RATE_SECTION
0.38
END_SECTION
AVERAGE_VELOCITY_SECTION
1
END_SECTION
END_FILE
