NODE_COUNT_SECTION
1097
END_SECTION
DEP_COUNT_SECTION
6
END_SECTION
DEP_SECTION
0	44.306	-25.952	0	0	1000	0
1	-32.403	14.042	0	0	1000	0
2	37.663	13.769	0	0	1000	0
3	-15.104	12.111	0	0	1000	0
4	32.413	24.218	0	0	1000	0
5	10.846	-42.185	0	0	1000	0
END_SECTION
RECHARGING_STATION_COUNT_SECTION
211
END_SECTION
RECHARGING_STATION_SECTION
0	-10.15	-91.059	0	0	1000	0
1	-17.477	27.91	0	0	1000	0
2	-21.104	38.691	0	0	1000	0
3	79.578	-88.212	0	0	1000	0
4	50.651	44.287	0	0	1000	0
5	56.886	-52.558	0	0	1000	0
6	-8.342	-7.017	0	0	1000	0
7	-71.812	85.581	0	0	1000	0
8	43.806	-72.838	0	0	1000	0
9	21.431	-94.511	0	0	1000	0
10	48.959	-62.448	0	0	1000	0
11	66.225	-62.055	0	0	1000	0
12	-49.561	36.135	0	0	1000	0
13	-38.632	-32.706	0	0	1000	0
14	91.383	-94.757	0	0	1000	0
15	24.735	21.476	0	0	1000	0
16	37.157	-11.927	0	0	1000	0
17	92.995	-41.574	0	0	1000	0
18	45.661	78.149	0	0	1000	0
19	79.779	-63.848	0	0	1000	0
20	-82.003	-59.659	0	0	1000	0
21	39.417	51.433	0	0	1000	0
22	7.14	10.616	0	0	1000	0
23	-70.52	80.279	0	0	1000	0
24	-93.845	-54.474	0	0	1000	0
25	85.744	38.564	0	0	1000	0
26	-12.525	43.53	0	0	1000	0
27	-72.633	-64.4	0	0	1000	0
28	-97.799	71.108	0	0	1000	0
29	-16.525	71.362	0	0	1000	0
30	-93.483	15.165	0	0	1000	0
31	-42.423	92.857	0	0	1000	0
32	30.917	83.496	0	0	1000	0
33	70.54	-34.26	0	0	1000	0
34	-64.466	13.059	0	0	1000	0
35	86.306	14.107	0	0	1000	0
36	39.007	-51.86	0	0	1000	0
37	-52.079	-43.772	0	0	1000	0
38	-57.141	-89.2	0	0	1000	0
39	89.827	-76.716	0	0	1000	0
40	15.727	-24.391	0	0	1000	0
41	-48.679	64.46	0	0	1000	0
42	-87.351	97.53	0	0	1000	0
43	-28.636	71.162	0	0	1000	0
44	78.583	79.268	0	0	1000	0
45	-22.758	57.91	0	0	1000	0
46	74.379	-96.779	0	0	1000	0
47	98.854	-84.28	0	0	1000	0
48	2.992	-36.751	0	0	1000	0
49	18.013	-11.895	0	0	1000	0
50	4.009	68.661	0	0	1000	0
51	19.358	59.927	0	0	1000	0
52	96.782	20.125	0	0	1000	0
53	77.918	93.586	0	0	1000	0
54	86.174	55.099	0	0	1000	0
55	-49.387	-87.036	0	0	1000	0
56	57.562	37.855	0	0	1000	0
57	-82.766	81.571	0	0	1000	0
58	-68.324	-92.356	0	0	1000	0
59	-76.482	-19.106	0	0	1000	0
60	-81.255	-41.237	0	0	1000	0
61	-50.374	96.929	0	0	1000	0
62	-37.473	-91.577	0	0	1000	0
63	7.141	28.853	0	0	1000	0
64	-30.159	-39.358	0	0	1000	0
65	-67.549	-40.687	0	0	1000	0
66	-10.394	62.248	0	0	1000	0
67	49.83	-12.821	0	0	1000	0
68	-36.442	45.338	0	0	1000	0
69	-95.794	36.485	0	0	1000	0
70	-58.603	81.333	0	0	1000	0
71	21.364	9.422	0	0	1000	0
72	63.047	83.68	0	0	1000	0
73	-88.481	65.606	0	0	1000	0
74	-0.097	-21.775	0	0	1000	0
75	-2.666	89.57	0	0	1000	0
76	-79.745	43.025	0	0	1000	0
77	-14.026	-38.435	0	0	1000	0
78	-48.983	-35.157	0	0	1000	0
79	-39.286	-74.261	0	0	1000	0
80	-76.777	98.154	0	0	1000	0
81	76.805	57.932	0	0	1000	0
82	92.839	72.962	0	0	1000	0
83	11.509	-80.545	0	0	1000	0
84	-14.139	53.411	0	0	1000	0
85	48.952	57.824	0	0	1000	0
86	65.029	-4.855	0	0	1000	0
87	95.871	-29.686	0	0	1000	0
88	-28.897	-14.046	0	0	1000	0
89	-97.788	-66.477	0	0	1000	0
90	-0.804	25.056	0	0	1000	0
91	42.896	88.172	0	0	1000	0
92	56.668	-27.648	0	0	1000	0
93	-55.655	-15.422	0	0	1000	0
94	20.499	-30.713	0	0	1000	0
95	8.689	-6.727	0	0	1000	0
96	80.753	-48.426	0	0	1000	0
97	2.962	95.269	0	0	1000	0
98	-78.391	74.95	0	0	1000	0
99	-16.263	-58.117	0	0	1000	0
100	-17.469	-21.847	0	0	1000	0
101	25.45	-82.371	0	0	1000	0
102	-60.618	38.246	0	0	1000	0
103	-63.788	-26.858	0	0	1000	0
104	17.825	88.01	0	0	1000	0
105	5.917	-95.944	0	0	1000	0
106	-91.973	-97.236	0	0	1000	0
107	-75.251	-69.389	0	0	1000	0
108	-91.196	-7.475	0	0	1000	0
109	-40.109	17.999	0	0	1000	0
110	-60.497	53.029	0	0	1000	0
111	-49.427	-7.943	0	0	1000	0
112	82.526	-32.361	0	0	1000	0
113	64.357	-76.117	0	0	1000	0
114	-79.345	-96.065	0	0	1000	0
115	18.522	-71.328	0	0	1000	0
116	43.426	-89.068	0	0	1000	0
117	-49.038	-55.967	0	0	1000	0
118	91.603	4.617	0	0	1000	0
119	20.929	-8.534	0	0	1000	0
120	-64.334	-7.025	0	0	1000	0
121	-98.991	-7.815	0	0	1000	0
122	-12.663	92.845	0	0	1000	0
123	65.242	97.805	0	0	1000	0
124	71.103	6.974	0	0	1000	0
125	-56.061	24.904	0	0	1000	0
126	-88.366	80.282	0	0	1000	0
127	-31.956	-31.676	0	0	1000	0
128	-32.176	59.167	0	0	1000	0
129	14.33	43.656	0	0	1000	0
130	0.491	-69.785	0	0	1000	0
131	12.731	-65.792	0	0	1000	0
132	16.393	34.731	0	0	1000	0
133	-90.031	8.292	0	0	1000	0
134	-22.254	-1.963	0	0	1000	0
135	-26.591	44.042	0	0	1000	0
136	-4.059	54.988	0	0	1000	0
137	-41.573	6.505	0	0	1000	0
138	-76.192	28.229	0	0	1000	0
139	-83.834	-25.128	0	0	1000	0
140	-12.033	-72.621	0	0	1000	0
141	81.114	-13.492	0	0	1000	0
142	97.334	57.711	0	0	1000	0
143	-54.838	-69.647	0	0	1000	0
144	-67.657	43.409	0	0	1000	0
145	-3.897	-53.269	0	0	1000	0
146	-53.732	51.823	0	0	1000	0
147	-71.754	57.988	0	0	1000	0
148	51.805	92.27	0	0	1000	0
149	57.308	-40.883	0	0	1000	0
150	-57.846	-78.761	0	0	1000	0
151	93.593	-61.653	0	0	1000	0
152	-67.292	92.982	0	0	1000	0
153	-83.047	64.234	0	0	1000	0
154	-24.068	-63.072	0	0	1000	0
155	-96.942	60.227	0	0	1000	0
156	-31.766	-57.925	0	0	1000	0
157	91.587	-12.693	0	0	1000	0
158	-62.17	-48.444	0	0	1000	0
159	-85.098	88.871	0	0	1000	0
160	54.578	-96.454	0	0	1000	0
161	-33.499	-51.855	0	0	1000	0
162	-38.397	-24.582	0	0	1000	0
163	-25.61	85.832	0	0	1000	0
164	90.915	90.14	0	0	1000	0
165	30.148	-14.673	0	0	1000	0
166	-17.217	-64.645	0	0	1000	0
167	-41.494	77.627	0	0	1000	0
168	18.517	-56.409	0	0	1000	0
169	-97.655	-89.9	0	0	1000	0
170	-67.67	1.716	0	0	1000	0
171	73.469	-50.176	0	0	1000	0
172	-13.278	-82.475	0	0	1000	0
173	-49.238	76.969	0	0	1000	0
174	7.248	50.506	0	0	1000	0
175	-92.664	46.093	0	0	1000	0
176	28.571	-64.95	0	0	1000	0
177	67.881	44.815	0	0	1000	0
178	-73.999	-33.546	0	0	1000	0
179	-89.576	-64.649	0	0	1000	0
180	42.627	3.579	0	0	1000	0
181	-84.125	-81.377	0	0	1000	0
182	38.66	99.376	0	0	1000	0
183	-67.905	29.224	0	0	1000	0
184	33.444	75.217	0	0	1000	0
185	-80.174	16.903	0	0	1000	0
186	-27.602	23.592	0	0	1000	0
187	-49.906	42.866	0	0	1000	0
188	-70.407	-54.032	0	0	1000	0
189	78.599	19.898	0	0	1000	0
190	90.858	27.969	0	0	1000	0
191	-85.346	48.479	0	0	1000	0
192	32.036	-30.969	0	0	1000	0
193	78.852	3.022	0	0	1000	0
194	-23.431	-47.637	0	0	1000	0
195	-34.676	92.743	0	0	1000	0
196	65.313	72.086	0	0	1000	0
197	-29.869	62.414	0	0	1000	0
198	72.183	31.04	0	0	1000	0
199	8.961	74.841	0	0	1000	0
200	37.747	-79.55	0	0	1000	0
201	-97.373	91.412	0	0	1000	0
202	-92.113	-31.014	0	0	1000	0
203	-3.372	36.572	0	0	1000	0
204	52.306	16.646	0	0	1000	0
205	50.631	-81.917	0	0	1000	0
206	-27.252	-80.144	0	0	1000	0
207	-96.725	-38.195	0	0	1000	0
208	-75.688	-2.012	0	0	1000	0
209	71.959	-7.81	0	0	1000	0
210	-21.602	-92.66	0	0	1000	0
END_SECTION
CLIENT_COUNT_SECTION
880
END_SECTION
CLIENT_SECTION
0	74.398	2.692	16	134	490	8
1	-28.344	-17.432	18	125	472	25
2	-50.075	39.237	2	239	501	2
3	79.59	82.393	15	135	326	23
4	61.698	-53.092	11	88	387	12
5	-63.955	-22.283	9	73	355	19
6	75.778	-69.433	17	228	485	4
7	22.586	-83.907	21	291	518	20
8	-86.788	-27.145	17	194	444	19
9	-81.831	-39.166	8	278	464	10
10	19.863	24.925	25	283	585	11
11	-63.5	16.599	22	197	407	8
12	96.287	-67.422	2	154	415	19
13	46.465	82.227	23	188	447	6
14	94.992	-93.873	1	208	405	1
15	70.484	83.028	24	99	359	7
16	8.301	-97.197	14	206	409	11
17	84.535	83.563	23	258	592	12
18	-31.382	-53.353	6	259	531	7
19	-76.44	-30.377	8	191	398	10
20	98.978	24.314	19	251	491	3
21	72.157	-61.097	8	293	644	3
22	-52.145	-54.455	1	181	527	17
23	-82.192	-24.92	4	246	453	12
24	-34.223	-7.639	13	84	356	7
25	12.413	49.052	13	95	305	18
26	65.409	32.804	20	99	375	17
27	-49.305	-60.586	9	300	543	14
28	-89.514	-7.337	14	62	326	6
29	79.734	34.981	7	196	423	23
30	-92.319	13.061	11	250	483	2
31	-22	55.634	15	132	364	15
32	57.728	78.306	16	207	508	23
33	-91.824	-57.099	11	275	620	24
34	-17.173	-57.77	14	142	433	4
35	98.536	74.341	12	204	476	24
36	80.134	-34.37	4	294	625	18
37	-81.105	63.758	11	84	429	10
38	72.739	-98.718	19	237	558	7
39	-96.412	72.897	8	157	412	11
40	19.351	83.622	7	143	467	9
41	-95.833	32.825	19	118	470	22
42	32.024	-65.238	9	109	394	23
43	-59.011	49.719	24	164	404	3
44	-21.061	-62.843	20	252	531	2
45	-51.674	-88.581	6	294	624	1
46	24.641	-77.076	1	226	424	2
47	-83.013	88.023	10	145	485	10
48	50.435	-81.865	15	80	428	23
49	-49.351	11.697	2	131	481	21
50	-64.821	-42.687	23	156	499	6
51	51.49	32.538	2	110	443	9
52	78.986	5.467	9	150	422	12
53	49.127	95.298	6	158	423	17
54	12.855	-5.226	3	90	433	6
55	-18.273	68.258	17	267	623	24
56	0.272	-24.782	8	62	270	18
57	92.088	-82.543	13	138	337	21
58	92.321	-12.63	22	134	383	18
59	87.652	-81.329	2	116	387	9
60	12.393	35.304	9	267	530	2
61	94.671	-55.65	5	89	391	19
62	-73.793	62.268	20	81	339	17
63	77.979	-47.487	18	101	350	8
64	-50.435	-72.255	4	290	587	6
65	-88.727	11.618	5	204	547	13
66	-98.309	-98.872	19	158	390	6
67	-80.669	14.506	2	281	486	18
68	-40.123	-34.209	18	273	601	8
69	18.178	45.924	21	101	353	8
70	-33.767	-26.121	18	254	532	12
71	-0.83	24.55	2	151	437	22
72	71.51	-76.041	20	275	592	2
73	-93.487	-8.037	13	257	469	22
74	-62.462	36.497	13	64	363	18
75	33.705	-24.84	14	109	441	4
76	-97.518	-51.281	23	205	518	18
77	-77.523	-69.189	25	103	347	18
78	-66.109	-92.951	25	196	435	4
79	29.145	75.018	20	212	501	1
80	-43.613	98.877	15	130	438	14
81	-13.693	-77.74	4	285	536	13
82	-29.092	-73.952	17	72	321	19
83	-59.931	79.215	5	221	507	14
84	63.509	81.027	4	76	329	21
85	89.689	-76.777	20	235	517	22
86	25.765	-63.018	11	259	500	13
87	87.684	72.051	5	63	334	5
88	60.187	-44.204	2	220	483	5
89	-23.442	91.116	3	67	375	19
90	40.372	89.616	15	219	559	24
91	-75.122	-17.393	22	109	386	22
92	73.83	75.837	2	188	544	15
93	-74.374	86.281	7	224	525	9
94	-37.843	-84.149	2	180	466	4
95	19.354	-7.134	22	202	506	17
96	50.717	81.312	15	210	551	10
97	-73.54	-59.72	22	104	367	4
98	-28.217	-93.019	14	140	360	8
99	-19.089	57.813	25	195	454	3
100	19.923	-91.844	7	106	335	2
101	47.511	-84.832	10	189	371	10
102	-16.981	69.551	24	192	422	23
103	-18.664	33.174	20	120	412	23
104	-67.235	91.064	2	152	478	13
105	28.908	73.689	21	295	484	18
106	44.676	-84.053	15	138	469	24
107	8.477	-9.628	10	115	397	13
108	-60.378	-13.467	17	256	485	11
109	-52.375	-32.332	6	230	523	21
110	-23.535	-46.021	18	284	622	17
111	16.938	-65.821	14	121	423	1
112	83.435	-63.765	16	137	341	4
113	-60.326	-81.289	11	183	430	8
114	-51.889	-69.908	9	199	389	4
115	-15.767	-87.689	6	113	458	5
116	97.014	54.023	22	235	488	17
117	65.406	-79.043	24	238	577	20
118	-43.499	74.997	19	259	481	11
119	60.211	86.287	17	109	418	25
120	-0.885	-96.702	16	77	276	3
121	37.168	75.667	7	154	465	16
122	-15.723	-86.624	12	250	431	13
123	-11.834	23.295	7	65	356	16
124	-55.227	-43.313	9	180	437	22
125	-47.345	32.97	16	198	424	1
126	-69.543	2.916	1	258	494	19
127	-29.019	40.365	1	206	431	5
128	-2.71	93.995	20	160	462	20
129	-43.454	90.189	3	138	472	19
130	88.091	11.886	19	115	331	15
131	7.563	-98.034	8	102	302	13
132	-54.865	-79.097	1	166	449	13
133	-77.274	-43.105	2	99	381	3
134	-84.757	81.79	3	250	582	14
135	-2.629	-67.495	6	283	517	19
136	50.528	78.183	7	134	442	25
137	37.707	98.965	8	152	415	13
138	-95.286	62.158	17	67	250	6
139	-59.416	-6.597	5	146	485	5
140	13.186	91.277	7	110	386	14
141	-18.092	-60.229	4	272	610	18
142	75.747	12.289	5	225	530	1
143	-84.96	-86.749	5	187	456	1
144	-40.311	-76.732	11	243	458	8
145	97.655	61.4	23	161	361	6
146	-58.494	-74.726	1	176	493	1
147	57.07	84.299	23	182	542	21
148	-76.258	-98.432	20	266	479	21
149	-19.787	-16.937	10	168	368	25
150	-56.943	-91.321	3	266	503	10
151	61.143	-50.147	25	184	532	18
152	41.27	-93.797	10	92	335	4
153	0.765	68.327	12	290	628	11
154	22.652	-12.459	2	138	442	24
155	-49.373	-11.169	5	278	618	9
156	82.417	-12.685	15	226	501	22
157	-44.852	-24.038	1	132	458	23
158	-23.094	-82.944	4	97	322	8
159	-96.489	-68.407	12	258	539	7
160	-0.725	-52.985	9	259	574	13
161	77.578	22.849	23	62	242	18
162	-65.714	0.841	6	91	451	6
163	-53.707	-43.512	16	282	534	19
164	-15.875	-57.184	20	69	291	22
165	-51.839	-70.497	5	266	502	11
166	-98.22	42.876	24	96	279	19
167	-89.776	-62.296	1	216	403	1
168	-81.043	-26.338	18	212	546	6
169	-49.509	-87.155	16	168	411	23
170	-12.5	42.259	20	78	345	17
171	85.553	10.064	4	149	497	16
172	-16.781	-37.596	3	286	466	1
173	-39.146	93.141	10	119	340	5
174	-67.551	-35.844	9	201	437	4
175	28.793	83.633	24	280	576	23
176	-51.802	43.962	22	171	407	18
177	19.754	63.128	9	238	532	14
178	5.154	32.394	19	129	408	11
179	49.076	45.315	7	61	318	4
180	-67.541	90.141	19	201	498	7
181	-76.329	-17.343	21	300	656	6
182	88.549	28.026	2	135	435	19
183	11.451	-67.094	13	159	508	16
184	67.156	-39.168	22	69	270	18
185	74.817	-17.028	12	72	356	18
186	-94.906	-31.706	9	156	485	7
187	69.783	45.476	20	162	439	23
188	-99.324	90.437	10	287	479	25
189	2.646	-18.594	1	280	490	20
190	-98.794	97.084	11	135	391	21
191	-8.744	35.989	20	218	493	16
192	-70.657	-56.623	5	296	544	11
193	-8.899	-70.758	9	72	349	19
194	-31.421	-20.414	19	137	345	1
195	90.593	91.792	4	299	567	4
196	-69.661	40.475	13	194	464	19
197	35.422	-75.577	15	124	343	22
198	-13.872	52.023	22	185	524	13
199	-80.864	-18.014	11	125	476	21
200	-49.906	62.928	11	282	607	19
201	44.92	-84.784	2	239	521	10
202	-79.066	-41.935	4	293	627	22
203	44.448	-72.234	16	291	535	19
204	38.066	52.314	3	136	339	3
205	-67.918	-43.582	9	183	464	20
206	87.472	70.413	6	183	519	22
207	35.435	-5.409	19	148	452	11
208	78.102	-87.657	7	297	514	16
209	-69.842	-91.787	20	198	378	9
210	86.062	-87.463	14	298	484	14
211	-12.736	-80.323	20	297	542	25
212	-38.426	-31.846	2	75	356	6
213	-49.366	10.733	20	76	348	8
214	10.482	41.389	8	176	463	22
215	4.337	97.717	10	208	394	16
216	62.209	74.82	6	261	535	12
217	-37.401	95.287	7	108	333	4
218	-31.234	84.347	2	164	429	12
219	75.098	56.919	15	134	343	24
220	-40.335	18.837	25	99	410	22
221	77.002	18.75	25	255	539	22
222	-10.169	59.236	11	176	514	7
223	98.485	-65.939	11	209	425	4
224	-52.459	-11.012	8	293	649	11
225	-21.474	-95.484	2	202	424	11
226	15.295	86.941	19	130	401	2
227	19.363	-72.907	12	68	265	14
228	-30.405	63.795	20	148	490	17
229	58.593	-82.985	12	134	357	1
230	-67.986	16.297	6	282	616	16
231	-31.951	-79.813	18	178	404	3
232	-86.817	97.642	25	260	469	2
233	16.247	-10.061	14	286	585	18
234	-57.99	81.81	7	68	301	6
235	-78.809	40.467	6	61	268	5
236	-86.391	-68.107	13	274	459	19
237	13.192	16.269	20	199	417	12
238	-91.165	48.88	12	108	376	21
239	-15.488	-64.646	12	68	265	19
240	-18.252	65.455	25	173	470	8
241	-67.752	1.392	4	226	545	21
242	-85.39	64.069	20	196	411	21
243	-68.14	79.243	3	184	477	25
244	43.244	75.441	4	253	589	1
245	-53.04	73.969	23	87	282	13
246	34.769	-35.124	3	77	372	11
247	80.289	59.159	21	267	453	20
248	-63.871	63.521	15	105	408	13
249	89.372	87.509	9	254	547	4
250	-0.248	96.123	17	178	465	4
251	55.39	-97.293	13	263	588	10
252	-44.258	-60.83	9	288	611	13
253	41.174	-80.199	7	200	420	8
254	-81.241	25.64	4	213	519	11
255	-89.674	7.85	4	119	392	14
256	-91.676	46.272	17	213	407	12
257	-73.38	-65.62	18	123	334	23
258	-25.887	-60.834	19	91	342	9
259	-76.044	-90.242	5	164	475	19
260	65.403	96.59	16	61	272	1
261	-14.491	79.658	14	259	517	9
262	30.821	-11.012	13	279	575	19
263	45.616	56.096	8	290	489	11
264	79.954	-65.261	12	196	403	10
265	-80.909	99.697	7	119	349	6
266	-61.495	56.748	18	271	601	2
267	91.835	32.607	8	73	395	3
268	-52.159	-46.33	25	198	519	16
269	13.637	-77.285	7	275	551	4
270	97.917	71.538	6	140	357	2
271	33.86	-56.973	21	115	435	20
272	-91.274	15.887	3	83	352	12
273	3.389	46.365	20	251	587	4
274	-56.96	87.374	14	120	392	15
275	69.748	5.51	12	72	432	11
276	80.282	-29.594	10	132	393	20
277	22.879	-8.667	17	79	369	4
278	-98.36	-5.213	23	208	388	12
279	-92.319	17.497	19	299	513	4
280	-64.001	-25.659	3	126	371	14
281	5.152	53.556	13	181	402	17
282	24.457	-81.058	7	228	574	9
283	87.985	35.007	7	230	490	10
284	75.092	-28.896	10	292	493	11
285	-49.666	-43.556	19	64	402	9
286	-31.422	84.764	2	287	564	23
287	20.193	-14.287	1	299	526	25
288	-89.661	85.251	19	173	513	25
289	93.359	17.904	19	116	338	16
290	57.392	39.208	13	294	644	23
291	-68.251	-9.958	10	180	495	7
292	-71.557	-36.715	17	271	576	5
293	-14.524	89.167	10	124	317	18
294	8.039	53.054	18	172	493	11
295	60.93	37.364	3	264	484	10
296	-98.054	-62.054	12	100	328	13
297	-18.945	-64.643	7	145	367	6
298	-54.479	-87.044	9	119	435	7
299	-26.151	-94.12	20	129	457	18
300	41.159	-70.376	20	254	613	1
301	-8.113	45.164	21	113	385	12
302	5.719	-69.297	15	274	464	6
303	16.737	13.999	7	266	575	4
304	-68.07	-37.383	22	209	530	23
305	90.854	-12.755	19	158	439	7
306	82.599	56.945	16	228	560	9
307	-73.608	53.311	21	71	277	22
308	86.904	51.033	4	257	514	3
309	-38.314	-2.919	20	181	460	3
310	-31.951	90.2	3	295	620	15
311	-66.08	92.757	24	248	509	16
312	-61	-76.207	2	193	513	24
313	-70.4	51.207	13	128	472	25
314	-45.384	-37.226	25	246	540	16
315	-29.071	-16.73	20	201	393	9
316	0.891	14.371	17	233	466	1
317	-50.982	-0.558	23	192	385	4
318	-86.846	-40.739	5	115	338	14
319	-56.905	-90.4	1	88	417	15
320	-98.436	60.291	4	175	396	5
321	16.876	-25.749	9	266	594	7
322	-76.032	-6.08	7	281	569	1
323	58.256	70.29	13	75	389	1
324	-43.192	94.758	2	256	611	4
325	-80.935	-67.892	9	98	439	25
326	48.066	-82.159	6	292	601	2
327	23.805	22.964	4	121	451	25
328	-25.54	84.101	4	234	594	20
329	90.076	23.883	23	257	558	5
330	-49.712	76.162	25	179	381	15
331	-74.976	16.511	24	285	499	3
332	9.806	-64.46	20	116	431	14
333	-39.537	17.082	18	297	624	6
334	-0.326	21.885	24	109	386	20
335	55.316	-50.975	8	277	619	6
336	54.429	-37.561	18	90	450	15
337	-73.911	29.639	2	173	409	17
338	35.748	-82.187	24	162	346	15
339	58.624	36.732	9	257	520	1
340	-97.904	-67.77	2	247	605	3
341	82.049	11.889	8	76	319	2
342	27.552	-71.304	24	82	354	22
343	-68.397	26.445	10	131	442	24
344	-1.506	26.509	5	214	444	9
345	18.466	-52.826	4	264	612	5
346	-17.836	83.8	20	183	512	11
347	78.547	30.537	8	131	365	15
348	-81.505	79.09	24	285	495	6
349	-81.554	74.666	18	179	483	17
350	-47.398	-83.47	16	184	393	3
351	-2.507	-72.084	20	143	452	22
352	-16.36	99.113	15	270	617	19
353	-49.633	-42.145	16	91	450	6
354	77.193	-90.581	13	120	399	25
355	-37.834	-84.422	2	248	573	7
356	74.247	-48.119	4	225	497	18
357	16.36	-18.325	14	195	394	13
358	73.656	-39.008	19	268	454	17
359	-21.892	84.581	7	234	417	19
360	-11.789	-18.976	12	226	487	22
361	-16.962	43.168	20	183	478	22
362	-83.289	-56.239	7	68	347	2
363	67.037	4.975	9	81	288	3
364	-29.358	-85.877	11	289	500	5
365	-57.893	-88.917	25	228	489	20
366	-88.691	4.523	9	147	357	16
367	49.394	1.532	11	269	507	9
368	1.442	-23.599	7	264	490	20
369	19.846	-31.792	9	232	414	2
370	-81.837	67.918	8	111	422	9
371	57.841	10.655	4	125	349	6
372	-61.91	6.282	18	110	429	21
373	0.556	-36.577	23	67	396	7
374	-61.624	38.528	1	171	468	25
375	-38.309	-90.507	16	71	319	6
376	-98.35	-91.793	2	227	502	14
377	17.601	-11.336	9	220	439	3
378	87.995	8.526	22	253	466	13
379	-82.823	-57.76	20	151	502	18
380	43.5	-44.233	9	115	393	23
381	-85.31	-22.107	20	136	362	11
382	-99.301	-33.313	6	163	448	18
383	-9.558	-4.78	23	208	472	5
384	-3.536	52.261	6	122	344	11
385	-31.742	61.593	8	176	450	24
386	-69.25	84.881	13	274	537	14
387	2.1	-20.161	18	179	394	2
388	97.266	14.248	4	108	318	13
389	-13.831	-90.172	14	194	531	12
390	60.366	-70.903	16	188	420	17
391	51.401	-9.408	13	252	453	22
392	83.059	63.785	15	270	540	12
393	50.318	-50.419	2	116	423	20
394	67.298	73.711	11	131	406	7
395	29.476	-18.334	16	230	545	15
396	-56.177	48.002	20	259	609	2
397	-73.613	-23.673	12	262	566	7
398	49.143	-59.275	2	155	418	13
399	37.508	99.189	4	246	466	17
400	55.565	89.13	1	264	562	13
401	-37.53	52.127	3	66	326	19
402	-41.782	80.566	12	287	537	8
403	-67.887	-47.081	22	72	390	21
404	-71.875	64.92	24	223	419	17
405	30.537	16.541	9	201	412	7
406	5.429	-36.924	6	238	529	17
407	-19.466	-94.773	7	160	424	20
408	94.995	37.283	11	81	388	22
409	-59.284	-51.669	21	244	441	14
410	83.677	-37.87	7	245	491	15
411	-31.282	76.958	16	271	627	6
412	-21.775	-62.707	23	265	606	14
413	-38.303	79.185	15	155	372	14
414	-65.405	-2.976	18	201	491	16
415	-42.148	-93.52	6	244	591	23
416	-45.922	64.594	17	272	473	19
417	20.708	52.909	19	206	388	24
418	39.221	-92.221	16	124	472	12
419	-16.407	-25.092	19	112	304	19
420	-88.039	99.59	8	111	450	25
421	44.941	-83.928	5	64	375	13
422	11.889	29.626	13	173	449	12
423	-87.778	-31.8	1	169	413	25
424	-23.326	-49.252	15	196	381	7
425	44.533	15.419	10	91	294	25
426	77.683	56.199	21	114	424	5
427	-99.186	69.319	3	297	551	8
428	70.024	-10.589	15	166	408	9
429	48.44	39.212	21	69	255	8
430	-10.537	-8.642	7	226	479	2
431	5.848	4.905	5	256	446	1
432	-82.654	41.072	22	145	353	17
433	-27.619	-79.653	19	218	476	9
434	50.121	54.521	22	180	438	25
435	70.688	27.688	18	93	437	14
436	-37.749	-28.9	7	295	540	3
437	68.157	66.833	10	93	340	17
438	-77.422	71.717	8	102	442	22
439	71.045	71.232	7	120	473	25
440	-19.769	39.49	3	95	361	25
441	-92.568	-64.347	12	187	474	11
442	22.94	-97.178	6	208	477	4
443	-96.173	8.074	15	145	325	12
444	17.682	-69.748	14	103	457	17
445	-57.768	39.715	3	259	470	13
446	-43.472	-70.011	9	132	417	10
447	76.019	-94.839	17	240	451	16
448	-25.947	-12.209	21	169	461	6
449	-63.408	-32.63	11	142	335	5
450	-27.557	30.459	25	284	613	8
451	82.636	42.331	2	255	491	6
452	-99.622	-10.417	21	288	481	18
453	-96.408	-90.976	5	254	557	17
454	75.591	33.895	17	79	402	17
455	-97.661	-68.98	5	254	568	20
456	78.338	95.216	12	99	375	2
457	64.916	75.631	6	145	470	7
458	-97.571	40.149	9	155	493	11
459	-41.943	75.364	11	67	403	11
460	-93.925	11.645	20	203	430	24
461	56.102	-95.681	21	163	431	21
462	16.477	-25.814	2	78	347	23
463	-42.382	76.447	12	167	496	13
464	-44.745	78.318	21	160	507	13
465	-70.17	-50.321	6	247	442	21
466	43.628	6.119	24	181	493	21
467	55.957	-58.153	24	187	545	7
468	20.394	34.159	18	239	508	1
469	-80.586	-94.243	22	74	263	21
470	-72.56	99.292	12	71	369	23
471	88.007	15.369	15	114	455	15
472	-48.437	-54.38	21	137	370	25
473	-99.368	18.267	11	114	425	5
474	28.532	-88.483	17	222	562	20
475	98.434	-83.286	15	179	403	14
476	-92.193	-55.04	13	214	574	3
477	-1.879	36.763	12	180	399	3
478	68.398	33.017	23	121	431	2
479	-59.529	76.935	20	168	473	2
480	59.374	43.436	1	289	531	8
481	-21.933	27.263	20	261	477	7
482	-76.104	59.656	1	252	508	9
483	-80.412	18.087	15	201	423	6
484	30.871	-61.571	19	156	412	8
485	88.587	96.736	8	180	454	20
486	7.128	81.991	23	251	502	18
487	-90.995	-67.043	13	62	267	8
488	-4.581	57.715	18	130	450	16
489	-89.568	97.849	22	299	484	12
490	-27.695	23.315	9	232	590	14
491	23.934	8.48	18	127	414	3
492	4.498	92.682	14	153	407	7
493	90.895	44.75	1	160	407	15
494	53.032	-15.794	25	104	383	21
495	-94.632	-37.316	25	162	480	24
496	83.173	0.908	17	276	583	24
497	-53.805	-22.039	16	190	516	8
498	-69.111	28.013	24	299	614	11
499	-25.602	-82.965	14	279	578	2
500	81.065	92.421	16	110	399	1
501	-60.961	57.279	25	294	568	17
502	-7.482	97.751	25	298	518	19
503	-13.912	-57.282	4	218	532	6
504	-34.426	-48.883	24	167	388	14
505	52.381	47.645	6	226	547	17
506	-38.001	3.211	25	208	554	1
507	-83.29	-97.839	5	245	500	10
508	76.956	-87.147	8	75	381	23
509	71.79	-23.471	4	117	403	17
510	-18.26	67.64	4	148	392	8
511	-45.884	82.377	12	234	592	19
512	45.182	-13.815	22	211	426	23
513	-16.579	-91.529	21	115	384	20
514	79.309	-48.181	11	157	501	3
515	-22.648	-80.734	8	66	248	16
516	48.55	-77.742	9	117	350	7
517	66.838	44.888	5	159	447	3
518	-84.768	-79.497	6	215	459	1
519	-52.882	42.124	8	266	575	17
520	91.457	8.581	17	238	531	14
521	-70.771	44.683	25	172	491	25
522	-38.296	70.884	3	65	395	5
523	78.806	77.5	14	177	520	8
524	-17.485	-94.26	4	202	388	1
525	3.023	31.798	16	272	598	21
526	16.812	-55.327	12	274	499	4
527	25.24	-84.17	11	176	376	13
528	-82.696	-57.59	22	145	448	5
529	-27.46	61.856	9	63	347	25
530	-86.587	80.24	4	235	484	11
531	-34.357	20.982	16	204	523	5
532	95.827	-61.133	8	205	486	23
533	-85.297	79.473	11	120	389	14
534	13.355	-27.539	2	174	361	8
535	-96.872	35.735	18	170	392	12
536	-62.539	45.069	21	129	417	10
537	92.63	-37.475	8	220	515	5
538	-69.398	32.868	10	142	468	6
539	43.035	78.401	4	169	459	5
540	-78.774	-97.845	24	272	526	1
541	63.122	-28.211	25	144	392	2
542	-50.127	-7.132	2	171	459	7
543	67.502	-4.767	10	207	481	14
544	87.95	68.081	20	120	351	6
545	19.967	-6.369	22	175	356	4
546	77.513	37.872	11	77	274	10
547	-30.657	-37.889	1	205	473	21
548	-32.922	-57.05	18	220	534	6
549	-88.654	67.289	1	152	408	5
550	-70.256	81.637	18	286	595	13
551	78.346	73.703	8	269	471	9
552	-84.333	-80.772	21	215	471	1
553	-36.57	-23.585	7	258	469	7
554	-3.343	96.136	25	83	306	18
555	-27.868	27.847	5	77	276	24
556	22.987	11.002	22	179	456	18
557	-40.126	83.374	24	152	453	12
558	93.385	-75.927	13	298	603	22
559	-70.184	-69.884	11	98	279	3
560	-76.195	78.467	7	172	485	4
561	-70.312	-96.751	5	61	359	13
562	-17.638	95.431	10	189	383	20
563	-89.402	6.426	23	118	407	16
564	92.973	27.36	16	66	305	22
565	53.399	-12.485	7	155	426	9
566	-97.435	-41.61	5	144	474	20
567	-49.654	-55.233	7	250	549	22
568	-11.199	-83.05	9	169	509	6
569	-82.244	-83.4	10	140	423	18
570	-26.095	57.655	21	90	366	1
571	-49.244	93.869	20	241	586	25
572	-54.417	55.83	20	263	564	15
573	53.013	-63.241	14	133	463	20
574	51.548	90.756	13	189	473	12
575	-83.565	84.086	4	259	547	17
576	-80.13	3.963	19	197	538	15
577	-91.688	14.637	15	185	404	25
578	-1.964	-4.737	19	225	483	2
579	-20.578	-7.082	18	224	437	2
580	-55.77	18.579	4	286	561	21
581	73.503	91.074	6	188	530	10
582	72.24	56.12	22	216	520	19
583	-45.032	42.513	24	228	480	15
584	30.536	-85.699	4	137	400	23
585	65.113	87.452	9	129	349	1
586	26.49	-78.842	23	205	430	14
587	-22.337	42.121	20	229	531	20
588	84.538	-60.209	20	170	453	6
589	50.983	93.897	21	242	459	11
590	67.771	-41.162	24	155	502	12
591	-26.761	-11.111	10	114	349	1
592	72.466	55.413	15	158	373	15
593	-10.946	-81.136	2	202	464	8
594	88.799	4.174	16	196	467	18
595	95.111	84.526	24	232	498	23
596	-15.398	70.27	3	148	485	17
597	34.859	3.087	4	160	424	4
598	-72.079	-63.477	8	289	520	5
599	-7.708	63.376	13	281	490	4
600	38.759	-76.813	23	148	447	12
601	-7.31	-17.889	15	226	532	7
602	46.213	58.74	12	64	301	19
603	15.571	-24.527	9	283	639	18
604	89.007	15.6	21	176	360	24
605	8.629	6.921	25	263	592	1
606	-87.182	89.72	7	247	565	3
607	-60.518	48.371	13	113	470	17
608	-87.307	95.3	17	224	574	10
609	44.515	-15.86	22	294	596	15
610	47.418	60.176	21	125	393	17
611	40.465	-28.865	17	177	437	10
612	-25.052	57.65	10	296	618	12
613	-19.842	-88.066	21	81	389	16
614	8.498	21.597	3	268	463	10
615	-4.075	-57.002	2	300	625	17
616	-98.297	-26.045	11	256	483	5
617	-27.286	12.747	14	63	327	15
618	-30.609	-58.8	6	144	385	4
619	8.692	-91.843	3	99	400	23
620	65.178	-5.969	13	173	432	5
621	54.953	-96.962	6	290	484	19
622	-97.103	58.234	17	201	527	11
623	97.477	81.35	23	300	659	13
624	99.274	-85.273	10	282	508	11
625	-92.125	-39.229	15	214	530	15
626	-80.296	99.275	18	77	310	22
627	-4.521	89.601	25	274	568	24
628	96.536	-32.462	8	147	439	15
629	89.958	60.167	10	300	568	24
630	-21.204	34.464	18	233	562	15
631	-92.189	42.041	15	198	386	3
632	26.647	-63.615	24	203	433	3
633	40.766	99.974	7	228	441	8
634	4.379	-64.345	23	225	544	14
635	63.061	-96.523	7	172	439	2
636	98.325	25.41	11	143	353	11
637	-56.628	29.761	20	93	431	24
638	56.193	57.227	7	297	599	11
639	45.472	-99.471	12	133	487	8
640	-60.104	-51.658	6	257	555	3
641	-80.829	-63.209	16	119	462	20
642	40.768	50.552	10	294	503	19
643	-98.795	-32.312	13	145	482	19
644	7.254	68.995	13	218	536	15
645	18.751	60.037	19	184	493	6
646	-86.017	49.064	4	299	612	11
647	23.47	90.202	5	233	453	10
648	4.737	-5.327	9	113	444	13
649	-61.012	-46.769	1	274	575	15
650	52.708	44.977	23	226	423	13
651	-94.753	93.277	9	185	494	17
652	-83.249	49.102	18	163	416	24
653	-17.236	75.374	8	189	393	9
654	-36.693	7.705	8	253	508	1
655	-46.207	15.097	13	108	399	25
656	-6.468	-91.945	18	180	488	11
657	-51.296	-15.225	8	218	523	14
658	-6.889	-49.82	6	195	547	11
659	-89.393	-96.668	2	166	522	24
660	19.356	-7.406	19	78	338	23
661	-2.372	24.513	10	216	502	18
662	-11.309	-9.908	22	123	362	6
663	-74.272	1.343	12	182	515	15
664	-21.771	-28.745	12	220	485	8
665	-73.34	94.352	5	79	369	21
666	95.052	0.394	12	145	408	23
667	62.608	-60.888	19	158	452	1
668	-51.504	99.99	11	219	541	9
669	-44.223	93.128	9	299	647	4
670	47.821	-11.473	23	229	481	1
671	-64.714	29.571	24	146	408	19
672	-23.929	3.157	2	113	431	2
673	-62.563	-45.039	16	81	288	1
674	46.004	-66.752	3	106	373	1
675	84.428	38.377	5	85	270	19
676	12.02	62.104	3	128	416	24
677	-50.426	-50.313	12	126	324	17
678	-28.652	-75.214	13	63	253	9
679	-72.342	-83.697	16	256	556	8
680	-83.853	61.193	17	178	534	15
681	-11.443	77.977	20	96	448	3
682	-92.898	37.233	17	295	555	2
683	-38.229	-35.867	7	239	438	6
684	-36.878	-96.437	24	240	424	1
685	-15.449	88.184	19	217	499	14
686	-48.313	75.371	18	242	537	21
687	0.269	-25.621	12	127	460	10
688	-25.088	71.701	19	149	474	12
689	11.896	-83.981	13	270	613	6
690	25.915	64.022	9	282	611	16
691	-33.555	-28.986	12	113	325	2
692	33.041	83.359	22	274	594	22
693	-59.485	-88.316	3	78	264	10
694	90.285	-92.028	19	94	317	13
695	43.353	81.992	23	202	420	18
696	52.495	-92.793	19	262	542	7
697	19.004	57.367	13	94	453	8
698	-53.581	69.173	1	193	485	15
699	-88.217	-96.166	21	90	303	22
700	45.421	86.728	24	198	431	2
701	87.768	37.918	17	97	278	11
702	-23.6	-90.025	1	176	361	15
703	-72.567	52.39	17	269	624	18
704	-27.904	88.116	13	212	477	10
705	93.39	-99.869	2	226	461	4
706	-49.306	-8.166	16	191	476	17
707	-47.948	58.213	18	79	393	18
708	-99.678	86.905	25	69	353	4
709	81.572	-36.695	16	155	395	7
710	54.545	23.866	15	247	509	11
711	-94.315	89.361	7	79	419	16
712	94.715	1.41	7	163	345	10
713	-67.271	-38.55	22	144	392	6
714	88.41	-76.07	13	297	554	5
715	62.192	-73.395	11	128	437	2
716	-36.396	62.007	2	237	562	25
717	20.274	-61.074	3	279	606	3
718	95.206	-26.909	19	145	466	13
719	12.644	70.267	22	254	511	12
720	-18.888	72.497	18	190	478	11
721	-84.995	-79.233	8	197	411	14
722	-48.966	-88.937	5	136	492	4
723	-16.023	66.94	9	100	435	24
724	-24.162	47.72	21	290	563	4
725	-91.917	76.165	7	100	408	6
726	-27.548	-65.902	3	78	352	3
727	53.39	-62.335	19	228	486	25
728	34.508	76.878	21	162	469	25
729	-38.221	-80.407	10	71	321	8
730	95.983	18.751	21	294	558	15
731	-35.507	-51.476	4	167	416	22
732	-48.819	35.477	18	85	325	8
733	-60.245	-68.289	17	140	412	15
734	-36.753	-70.981	10	232	433	20
735	-85.12	-89.277	16	199	527	7
736	-76.728	-3.117	3	269	573	17
737	27.865	-30.569	17	221	502	18
738	-28.618	-31.981	20	237	543	20
739	81.219	18.097	14	234	503	9
740	-13.241	-85.219	17	249	472	2
741	-41.644	-96.769	13	134	368	3
742	51.088	-29.67	7	105	336	1
743	-33.43	-93.188	8	289	488	22
744	9.018	90.888	14	282	574	11
745	-71.808	56.635	2	81	380	17
746	84.16	-31.976	10	106	390	2
747	-44.312	-9.621	25	226	526	16
748	-2.506	-75.704	12	242	543	8
749	40.647	-93.25	14	165	478	3
750	-89.538	61.172	9	264	485	24
751	-86.77	47.273	24	122	389	5
752	-10.815	-39.277	21	268	483	9
753	-41.306	78.926	13	156	497	7
754	43.246	-60.635	25	231	524	8
755	39.661	-54.372	20	265	565	15
756	21.123	-79.729	6	278	577	25
757	-33.062	-37.964	25	250	603	3
758	85.331	-23.661	13	221	441	4
759	-8.265	89.701	17	111	393	4
760	-32.68	-53.706	4	146	437	8
761	-8.922	90.571	19	99	431	4
762	7.112	72.266	4	210	482	13
763	37.634	-82.97	16	217	545	3
764	55.796	-25.062	21	228	539	23
765	-84.637	18.508	2	163	501	16
766	-81.025	-77.542	11	120	315	23
767	48.153	60.186	11	62	300	25
768	-56.71	-65.612	2	138	446	16
769	-46.037	67.393	2	278	470	20
770	-72.361	-70.591	20	256	461	23
771	-90.585	-7.05	24	138	358	1
772	-73.162	79.959	9	122	426	17
773	67.217	85.366	21	264	500	14
774	-68.613	-68.349	19	105	363	12
775	-99.252	-66.352	24	170	447	19
776	-84.413	-62.967	24	243	599	15
777	-54.542	-82.485	22	125	345	25
778	-68.312	97.969	10	259	579	16
779	27.56	-32.342	18	209	403	11
780	-63.012	-96.59	6	101	405	19
781	98.758	-42.422	15	187	463	5
782	-14.48	-38.43	13	199	418	14
783	-87.251	68.357	1	172	363	4
784	-27.155	-39.51	4	80	416	5
785	93.292	-59.465	11	258	588	12
786	62.407	-3.828	1	211	561	15
787	-33.323	67.417	2	112	404	10
788	77.743	34.381	4	188	494	9
789	-1.776	82.245	18	273	533	15
790	-24.851	68.574	15	295	605	13
791	92.78	-59.985	25	291	504	4
792	80.947	-44.933	13	221	439	16
793	-35.353	38.549	23	269	452	15
794	68.909	24.96	3	95	292	15
795	21.371	-9.165	15	185	415	10
796	86.867	-93.257	24	265	550	2
797	-12.914	-78.012	10	211	495	11
798	-77.963	-60.184	12	181	409	21
799	-77.772	47.538	1	137	361	21
800	-70.394	-55.15	3	253	438	6
801	-98.062	-45.386	20	238	570	23
802	48.307	-91.44	20	183	429	11
803	-40.905	87.054	8	100	445	5
804	84.78	-53.103	5	202	539	15
805	86.924	-73.159	2	172	389	2
806	-90.067	50.4	21	275	559	15
807	-87.469	-34.504	1	164	493	8
808	-81.117	-97.785	2	220	436	21
809	27.857	-34.072	10	77	386	8
810	86.382	54.933	19	176	394	8
811	-71.276	-6.169	9	78	390	11
812	-50.602	51.637	3	282	562	14
813	-98.207	-86.931	1	257	603	1
814	-37.713	8.607	7	105	412	3
815	76.394	82.615	20	224	528	9
816	67.024	44.081	2	247	528	3
817	89.911	-67.787	15	143	434	23
818	12.792	-77.573	16	195	396	7
819	32.602	79.379	17	74	330	20
820	-85.552	-74.545	16	277	609	17
821	-2.067	30.598	17	282	609	23
822	-17.588	-19.484	3	167	521	9
823	3.51	98.068	4	268	605	21
824	-87.516	11.264	5	282	468	23
825	45.812	-75.902	13	93	436	13
826	71.882	5.124	12	209	392	23
827	-31.067	58.318	10	222	420	15
828	65.082	99.021	15	298	530	21
829	-56.052	-13.811	12	61	364	24
830	-26.51	-12.784	3	111	440	20
831	-1.656	92.442	18	295	530	10
832	-29.762	-42.068	22	71	409	20
833	0.509	36.966	25	288	501	5
834	80.412	-60.601	22	285	494	24
835	-55.784	26.373	12	119	388	12
836	72.691	-52.233	1	173	406	12
837	-42.554	78.215	1	215	456	2
838	38.88	-18.445	1	160	428	16
839	-49.188	-35.911	17	262	531	11
840	85.134	19.835	13	153	398	3
841	2.279	22.286	7	130	432	5
842	-64.263	-8.569	1	114	385	20
843	21.8	4.208	20	203	426	14
844	-13.305	64.133	1	253	542	20
845	-37.673	-73.17	18	276	518	1
846	-31.692	-93.618	2	235	507	22
847	-97.364	-65.298	3	299	549	3
848	85.03	52.421	25	298	582	23
849	87.496	-55.842	10	121	380	24
850	7.713	-83.339	4	107	306	7
851	-81.234	81.319	10	241	511	15
852	63.911	-64.18	16	70	349	8
853	67.778	-33.851	3	96	366	4
854	81.622	96.369	16	64	260	5
855	-52.002	36.857	18	64	244	11
856	87.598	-44.824	7	263	517	24
857	62.311	-81.2	2	144	499	23
858	90.643	-71.205	2	235	590	4
859	74.558	-63.818	11	137	340	16
860	-73.424	29.408	12	208	546	3
861	-72.927	-66.44	4	77	379	2
862	-56.744	-12.566	17	75	357	4
863	-75.255	-62.789	24	250	592	16
864	53.461	-10.909	15	102	325	15
865	-14.406	54.799	8	215	552	2
866	-33.693	-34.059	18	183	519	16
867	-15.166	-74.484	17	247	582	11
868	-21.55	60.799	3	241	516	25
869	86.108	-10.761	6	186	471	15
870	42.287	69.491	4	65	331	6
871	73.894	-5.03	19	240	421	10
872	-29.064	57.177	4	193	388	3
873	-69.662	-46.074	17	89	422	20
874	-57.908	-71.319	12	82	276	9
875	-88.15	-61.45	15	284	472	17
876	38.336	70.675	8	288	614	18
877	75.066	92.851	17	262	518	14
878	21.153	-29.633	17	108	362	17
879	-85.024	97.27	17	290	556	4
END_SECTION
VEHICLE_BATTERY_SECTION
0
END_SECTION
VEHICLE_CAPACITY_SECTION
170
END_SECTION
BATTERY_CONSUM_RATE_SECTION
1
END_SECTION
INVERSE_REFUELING_RATE_SECTION
0.38
END_SECTION
AVERAGE_VELOCITY_SECTION
1
END_SECTION
END_FILE
