NODE_COUNT_SECTION
979
END_SECTION
DEP_COUNT_SECTION
12
END_SECTION
DEP_SECTION
0	44.306	-25.952	0	0	1000	0
1	-32.403	14.042	0	0	1000	0
2	37.663	13.769	0	0	1000	0
3	-15.104	12.111	0	0	1000	0
4	32.413	24.218	0	0	1000	0
5	10.846	-42.185	0	0	1000	0
6	37.199	1.346	0	0	1000	0
7	-33.128	-14.172	0	0	1000	0
8	-8.716	-4.86	0	0	1000	0
9	-25.037	19.618	0	0	1000	0
10	23.605	39.795	0	0	1000	0
11	41.196	45.258	0	0	1000	0
END_SECTION
RECHARGING_STATION_COUNT_SECTION
187
END_SECTION
RECHARGING_STATION_SECTION
0	1.345	-22.552	0	0	1000	0
1	-50.931	32.736	0	0	1000	0
2	33.128	-8.211	0	0	1000	0
3	14.089	-8.017	0	0	1000	0
4	-80.942	-96.928	0	0	1000	0
5	59.385	-51.405	0	0	1000	0
6	-85.49	98.225	0	0	1000	0
7	-3.677	-94.324	0	0	1000	0
8	-23.824	31.486	0	0	1000	0
9	96.598	-83.701	0	0	1000	0
10	-41.827	78.043	0	0	1000	0
11	-95.037	39.59	0	0	1000	0
12	-16.349	-88.816	0	0	1000	0
13	68.833	70.592	0	0	1000	0
14	-79.745	-23.035	0	0	1000	0
15	-49.702	-67.1	0	0	1000	0
16	89.651	37.657	0	0	1000	0
17	90.945	87.579	0	0	1000	0
18	-73.395	60.869	0	0	1000	0
19	-94.314	-7.611	0	0	1000	0
20	35.838	76.272	0	0	1000	0
21	-36.269	-5.279	0	0	1000	0
22	-18.765	-53.502	0	0	1000	0
23	25.782	-32.194	0	0	1000	0
24	-12.22	-84.135	0	0	1000	0
25	51.805	92.27	0	0	1000	0
26	-4.059	54.988	0	0	1000	0
27	-49.694	-8.984	0	0	1000	0
28	49.225	-13.14	0	0	1000	0
29	63.002	87.998	0	0	1000	0
30	79.452	-48.365	0	0	1000	0
31	-37.996	-86.36	0	0	1000	0
32	31.447	-63.405	0	0	1000	0
33	2.992	-36.751	0	0	1000	0
34	-12.147	-14.471	0	0	1000	0
35	-82.003	-59.659	0	0	1000	0
36	-0.492	95.992	0	0	1000	0
37	19.088	61.331	0	0	1000	0
38	47.296	82.088	0	0	1000	0
39	-91.973	-97.236	0	0	1000	0
40	-25.608	7.952	0	0	1000	0
41	74.379	-96.779	0	0	1000	0
42	-90.548	15.069	0	0	1000	0
43	4.694	17.984	0	0	1000	0
44	-50.963	-42.681	0	0	1000	0
45	25.482	-90.801	0	0	1000	0
46	39.088	96.936	0	0	1000	0
47	-37.351	91.42	0	0	1000	0
48	-97.373	91.412	0	0	1000	0
49	-29.869	62.414	0	0	1000	0
50	-17.174	72.713	0	0	1000	0
51	79.578	-88.212	0	0	1000	0
52	-71.897	81.744	0	0	1000	0
53	-67.228	-38.199	0	0	1000	0
54	-90.985	6.718	0	0	1000	0
55	-50.406	-87.038	0	0	1000	0
56	56.108	-30.126	0	0	1000	0
57	90.198	3.998	0	0	1000	0
58	-36.963	57.067	0	0	1000	0
59	23.8	-13.437	0	0	1000	0
60	-14.026	-38.435	0	0	1000	0
61	-28.015	-61.846	0	0	1000	0
62	-97.655	-89.9	0	0	1000	0
63	23.979	-81.542	0	0	1000	0
64	-56.577	49.432	0	0	1000	0
65	-3.897	-53.269	0	0	1000	0
66	-50.174	14.026	0	0	1000	0
67	-23.059	57.188	0	0	1000	0
68	8.534	51.887	0	0	1000	0
69	-4.136	-71.511	0	0	1000	0
70	15.221	10.262	0	0	1000	0
71	96.782	20.125	0	0	1000	0
72	-47.454	63.282	0	0	1000	0
73	-28.872	-74.583	0	0	1000	0
74	82.694	15.199	0	0	1000	0
75	78.617	-14.857	0	0	1000	0
76	-69.944	39.342	0	0	1000	0
77	-28.636	71.162	0	0	1000	0
78	69.62	48.828	0	0	1000	0
79	36.313	-29.61	0	0	1000	0
80	80.639	-35.984	0	0	1000	0
81	47.014	-82.767	0	0	1000	0
82	80.926	-64.667	0	0	1000	0
83	-52.342	43.043	0	0	1000	0
84	48.849	8.431	0	0	1000	0
85	-51.162	73.668	0	0	1000	0
86	-84.303	-77.031	0	0	1000	0
87	19.286	40.041	0	0	1000	0
88	75.956	88.87	0	0	1000	0
89	-94.931	-62.789	0	0	1000	0
90	-25.665	-82.435	0	0	1000	0
91	29.971	78.924	0	0	1000	0
92	52.875	-60.751	0	0	1000	0
93	24.735	21.476	0	0	1000	0
94	24.228	-62.569	0	0	1000	0
95	75.721	-27.321	0	0	1000	0
96	-50.166	-53.596	0	0	1000	0
97	5.049	-66.821	0	0	1000	0
98	-38.525	-94.979	0	0	1000	0
99	16.064	88.586	0	0	1000	0
100	95.974	-37.453	0	0	1000	0
101	-83.5	45.395	0	0	1000	0
102	10.628	-65.777	0	0	1000	0
103	-9.281	92.059	0	0	1000	0
104	-39.266	-78.57	0	0	1000	0
105	17.639	-54.077	0	0	1000	0
106	-69.777	-52.294	0	0	1000	0
107	-14.749	83.757	0	0	1000	0
108	-3.374	24.15	0	0	1000	0
109	-59.897	-10.032	0	0	1000	0
110	-73.577	-66.841	0	0	1000	0
111	6.688	31.272	0	0	1000	0
112	-38.077	18.967	0	0	1000	0
113	-29.873	-36.836	0	0	1000	0
114	-94.193	54.451	0	0	1000	0
115	90.532	26.423	0	0	1000	0
116	57.376	-96.615	0	0	1000	0
117	-17.558	67.568	0	0	1000	0
118	76.994	75.68	0	0	1000	0
119	38.922	-57.327	0	0	1000	0
120	-84.108	-86.476	0	0	1000	0
121	-63.978	-23.971	0	0	1000	0
122	63.423	31.182	0	0	1000	0
123	-40.193	40.531	0	0	1000	0
124	-33.384	-52.894	0	0	1000	0
125	-9.786	41.137	0	0	1000	0
126	15.727	-24.391	0	0	1000	0
127	-58.603	81.333	0	0	1000	0
128	-94.88	-35.323	0	0	1000	0
129	43.87	-69.788	0	0	1000	0
130	-73.252	24.843	0	0	1000	0
131	-19.475	-94.839	0	0	1000	0
132	89.212	-76.653	0	0	1000	0
133	43.139	76.921	0	0	1000	0
134	91.859	69.257	0	0	1000	0
135	-66.065	1.691	0	0	1000	0
136	-59.913	-73.074	0	0	1000	0
137	90.928	-18.989	0	0	1000	0
138	-19.089	-26.919	0	0	1000	0
139	-12.573	-79.303	0	0	1000	0
140	-85.856	86.77	0	0	1000	0
141	-71.404	97.204	0	0	1000	0
142	8.185	-95.692	0	0	1000	0
143	65.038	-41.512	0	0	1000	0
144	-84.149	77.591	0	0	1000	0
145	77.825	34.333	0	0	1000	0
146	41.652	-94.685	0	0	1000	0
147	6.98	72.369	0	0	1000	0
148	94.464	-62.483	0	0	1000	0
149	-37.77	-27.64	0	0	1000	0
150	-57.807	-89.739	0	0	1000	0
151	0.755	41.564	0	0	1000	0
152	-65.743	16.448	0	0	1000	0
153	-37.469	6.507	0	0	1000	0
154	-61.099	39.952	0	0	1000	0
155	12.775	-79.613	0	0	1000	0
156	-69.47	-91.054	0	0	1000	0
157	61.323	76.014	0	0	1000	0
158	-75.688	-2.012	0	0	1000	0
159	-26.906	86.17	0	0	1000	0
160	17.31	-67.785	0	0	1000	0
161	-10.583	58.211	0	0	1000	0
162	67.382	-60.993	0	0	1000	0
163	50.071	56.794	0	0	1000	0
164	-34.352	-75.397	0	0	1000	0
165	-81.255	-41.237	0	0	1000	0
166	71.923	5.317	0	0	1000	0
167	-73.587	51.111	0	0	1000	0
168	23.852	-73.763	0	0	1000	0
169	-56.578	-80.957	0	0	1000	0
170	-19.073	-63.014	0	0	1000	0
171	-60.741	-48.784	0	0	1000	0
172	-73.285	-97.592	0	0	1000	0
173	-60.186	58.344	0	0	1000	0
174	-20.562	45.444	0	0	1000	0
175	37.747	-79.55	0	0	1000	0
176	63.613	-76.474	0	0	1000	0
177	50.401	-92.117	0	0	1000	0
178	-45.872	95.135	0	0	1000	0
179	46.909	-47.326	0	0	1000	0
180	-25.99	-92.388	0	0	1000	0
181	84.331	57.018	0	0	1000	0
182	-66.952	91.32	0	0	1000	0
183	66.277	-6.289	0	0	1000	0
184	-23.709	40.658	0	0	1000	0
185	-88.852	65.813	0	0	1000	0
186	91.383	-94.757	0	0	1000	0
END_SECTION
CLIENT_COUNT_SECTION
780
END_SECTION
CLIENT_SECTION
0	61.698	-53.092	1	196	477	19
1	-63.955	-22.283	4	230	488	12
2	75.778	-69.433	14	274	634	1
3	22.586	-83.907	5	63	287	7
4	-86.788	-27.145	19	98	408	4
5	-81.831	-39.166	9	271	528	24
6	19.863	24.925	13	123	342	14
7	-63.5	16.599	23	69	303	9
8	96.287	-67.422	24	162	468	5
9	46.465	82.227	11	158	360	17
10	94.992	-93.873	6	300	647	11
11	70.484	83.028	16	110	432	11
12	8.301	-97.197	5	197	477	9
13	84.535	83.563	15	222	553	6
14	-31.382	-53.353	11	254	586	24
15	-76.44	-30.377	8	191	465	20
16	98.978	24.314	9	118	299	4
17	72.157	-61.097	22	113	463	5
18	-52.145	-54.455	18	273	489	3
19	-82.192	-24.92	1	93	292	12
20	-34.223	-7.639	9	99	434	13
21	12.413	49.052	8	65	386	3
22	65.409	32.804	24	134	365	13
23	-49.305	-60.586	15	291	603	1
24	-89.514	-7.337	1	284	514	3
25	79.734	34.981	24	142	325	5
26	-92.319	13.061	11	117	408	7
27	-22	55.634	23	282	576	21
28	57.728	78.306	6	261	521	17
29	-91.824	-57.099	17	267	607	21
30	-17.173	-57.77	13	111	352	7
31	98.536	74.341	24	98	288	24
32	80.134	-34.37	21	268	620	20
33	-81.105	63.758	23	189	423	17
34	72.739	-98.718	24	277	573	18
35	-96.412	72.897	3	81	437	3
36	19.351	83.622	1	128	392	9
37	-95.833	32.825	22	238	436	11
38	32.024	-65.238	23	141	478	22
39	-59.011	49.719	18	111	468	8
40	-21.061	-62.843	21	203	513	7
41	-51.674	-88.581	6	159	360	20
42	24.641	-77.076	2	195	420	8
43	-83.013	88.023	5	181	375	17
44	50.435	-81.865	18	283	636	6
45	-49.351	11.697	4	176	500	19
46	-64.821	-42.687	14	222	531	5
47	78.986	5.467	7	245	470	4
48	49.127	95.298	2	219	528	22
49	12.855	-5.226	17	87	324	2
50	-18.273	68.258	12	123	450	20
51	0.272	-24.782	22	150	362	4
52	92.088	-82.543	11	135	338	3
53	92.321	-12.63	9	180	373	23
54	87.652	-81.329	3	133	476	25
55	94.671	-55.65	3	248	561	19
56	-73.793	62.268	21	87	374	15
57	77.979	-47.487	17	118	450	23
58	-50.435	-72.255	24	118	368	2
59	-88.727	11.618	10	160	348	14
60	-98.309	-98.872	16	134	490	8
61	-80.669	14.506	18	125	472	25
62	-40.123	-34.209	2	239	501	2
63	18.178	45.924	15	135	326	23
64	-33.767	-26.121	11	88	387	12
65	-0.83	24.55	9	73	355	19
66	71.51	-76.041	17	228	485	4
67	-93.487	-8.037	21	291	518	20
68	-62.462	36.497	17	194	444	19
69	33.705	-24.84	8	278	464	10
70	-97.518	-51.281	25	283	585	11
71	-77.523	-69.189	22	197	407	8
72	-66.109	-92.951	2	154	415	19
73	29.145	75.018	23	188	447	6
74	-43.613	98.877	1	208	405	1
75	-13.693	-77.74	24	99	359	7
76	-29.092	-73.952	14	206	409	11
77	-59.931	79.215	23	258	592	12
78	63.509	81.027	6	259	531	7
79	89.689	-76.777	8	191	398	10
80	25.765	-63.018	19	251	491	3
81	87.684	72.051	8	293	644	3
82	60.187	-44.204	1	181	527	17
83	-23.442	91.116	4	246	453	12
84	40.372	89.616	13	84	356	7
85	-75.122	-17.393	13	95	305	18
86	73.83	75.837	20	99	375	17
87	-74.374	86.281	9	300	543	14
88	-37.843	-84.149	14	62	326	6
89	19.354	-7.134	7	196	423	23
90	50.717	81.312	11	250	483	2
91	-73.54	-59.72	15	132	364	15
92	-28.217	-93.019	16	207	508	23
93	-19.089	57.813	11	275	620	24
94	19.923	-91.844	14	142	433	4
95	47.511	-84.832	12	204	476	24
96	-16.981	69.551	4	294	625	18
97	-18.664	33.174	11	84	429	10
98	-67.235	91.064	19	237	558	7
99	28.908	73.689	8	157	412	11
100	44.676	-84.053	7	143	467	9
101	8.477	-9.628	19	118	470	22
102	-60.378	-13.467	9	109	394	23
103	-23.535	-46.021	24	164	404	3
104	16.938	-65.821	20	252	531	2
105	83.435	-63.765	6	294	624	1
106	-60.326	-81.289	1	226	424	2
107	-51.889	-69.908	10	145	485	10
108	-15.767	-87.689	15	80	428	23
109	97.014	54.023	2	131	481	21
110	65.406	-79.043	23	156	499	6
111	-43.499	74.997	2	110	443	9
112	60.211	86.287	9	150	422	12
113	-0.885	-96.702	6	158	423	17
114	37.168	75.667	3	90	433	6
115	-15.723	-86.624	17	267	623	24
116	-11.834	23.295	8	62	270	18
117	-55.227	-43.313	13	138	337	21
118	-47.345	32.97	22	134	383	18
119	-69.543	2.916	2	116	387	9
120	-29.019	40.365	9	267	530	2
121	-2.71	93.995	5	89	391	19
122	-43.454	90.189	20	81	339	17
123	88.091	11.886	18	101	350	8
124	7.563	-98.034	4	290	587	6
125	-54.865	-79.097	5	204	547	13
126	-77.274	-43.105	19	158	390	6
127	-84.757	81.79	2	281	486	18
128	-2.629	-67.495	18	273	601	8
129	50.528	78.183	21	101	353	8
130	37.707	98.965	18	254	532	12
131	-95.286	62.158	2	151	437	22
132	-59.416	-6.597	20	275	592	2
133	13.186	91.277	13	257	469	22
134	-18.092	-60.229	13	64	363	18
135	75.747	12.289	14	109	441	4
136	-84.96	-86.749	23	205	518	18
137	-40.311	-76.732	25	103	347	18
138	97.655	61.4	25	196	435	4
139	-58.494	-74.726	20	212	501	1
140	57.07	84.299	15	130	438	14
141	-76.258	-98.432	4	285	536	13
142	-19.787	-16.937	17	72	321	19
143	-56.943	-91.321	5	221	507	14
144	61.143	-50.147	4	76	329	21
145	41.27	-93.797	20	235	517	22
146	0.765	68.327	11	259	500	13
147	22.652	-12.459	5	63	334	5
148	-49.373	-11.169	2	220	483	5
149	82.417	-12.685	3	67	375	19
150	-44.852	-24.038	15	219	559	24
151	-23.094	-82.944	22	109	386	22
152	-96.489	-68.407	2	188	544	15
153	-0.725	-52.985	7	224	525	9
154	77.578	22.849	2	180	466	4
155	-65.714	0.841	22	202	506	17
156	-53.707	-43.512	15	210	551	10
157	-15.875	-57.184	22	104	367	4
158	-51.839	-70.497	14	140	360	8
159	-98.22	42.876	25	195	454	3
160	-89.776	-62.296	7	106	335	2
161	-81.043	-26.338	10	189	371	10
162	-49.509	-87.155	24	192	422	23
163	-12.5	42.259	20	120	412	23
164	85.553	10.064	2	152	478	13
165	-16.781	-37.596	21	295	484	18
166	-39.146	93.141	15	138	469	24
167	-67.551	-35.844	10	115	397	13
168	28.793	83.633	17	256	485	11
169	-51.802	43.962	6	230	523	21
170	19.754	63.128	18	284	622	17
171	5.154	32.394	14	121	423	1
172	-67.541	90.141	16	137	341	4
173	-76.329	-17.343	11	183	430	8
174	88.549	28.026	9	199	389	4
175	11.451	-67.094	6	113	458	5
176	67.156	-39.168	22	235	488	17
177	74.817	-17.028	24	238	577	20
178	-94.906	-31.706	19	259	481	11
179	69.783	45.476	17	109	418	25
180	-99.324	90.437	16	77	276	3
181	2.646	-18.594	7	154	465	16
182	-98.794	97.084	12	250	431	13
183	-8.744	35.989	7	65	356	16
184	-70.657	-56.623	9	180	437	22
185	-8.899	-70.758	16	198	424	1
186	90.593	91.792	1	258	494	19
187	-69.661	40.475	1	206	431	5
188	35.422	-75.577	20	160	462	20
189	-13.872	52.023	3	138	472	19
190	-80.864	-18.014	19	115	331	15
191	-49.906	62.928	8	102	302	13
192	44.92	-84.784	1	166	449	13
193	-79.066	-41.935	2	99	381	3
194	44.448	-72.234	3	250	582	14
195	-67.918	-43.582	6	283	517	19
196	87.472	70.413	7	134	442	25
197	35.435	-5.409	8	152	415	13
198	78.102	-87.657	17	67	250	6
199	-69.842	-91.787	5	146	485	5
200	86.062	-87.463	7	110	386	14
201	-12.736	-80.323	4	272	610	18
202	-49.366	10.733	5	225	530	1
203	4.337	97.717	5	187	456	1
204	62.209	74.82	11	243	458	8
205	-37.401	95.287	23	161	361	6
206	-31.234	84.347	1	176	493	1
207	75.098	56.919	23	182	542	21
208	-40.335	18.837	20	266	479	21
209	77.002	18.75	10	168	368	25
210	-10.169	59.236	3	266	503	10
211	98.485	-65.939	25	184	532	18
212	-52.459	-11.012	10	92	335	4
213	-21.474	-95.484	12	290	628	11
214	15.295	86.941	2	138	442	24
215	19.363	-72.907	5	278	618	9
216	-30.405	63.795	15	226	501	22
217	58.593	-82.985	1	132	458	23
218	-67.986	16.297	4	97	322	8
219	-31.951	-79.813	12	258	539	7
220	-86.817	97.642	9	259	574	13
221	16.247	-10.061	23	62	242	18
222	-57.99	81.81	6	91	451	6
223	-78.809	40.467	16	282	534	19
224	-86.391	-68.107	20	69	291	22
225	13.192	16.269	5	266	502	11
226	-91.165	48.88	24	96	279	19
227	-15.488	-64.646	1	216	403	1
228	-18.252	65.455	18	212	546	6
229	-67.752	1.392	16	168	411	23
230	-85.39	64.069	20	78	345	17
231	-68.14	79.243	4	149	497	16
232	43.244	75.441	3	286	466	1
233	-53.04	73.969	10	119	340	5
234	34.769	-35.124	9	201	437	4
235	80.289	59.159	24	280	576	23
236	-63.871	63.521	22	171	407	18
237	89.372	87.509	9	238	532	14
238	-0.248	96.123	19	129	408	11
239	55.39	-97.293	7	61	318	4
240	-44.258	-60.83	19	201	498	7
241	41.174	-80.199	21	300	656	6
242	-81.241	25.64	2	135	435	19
243	-89.674	7.85	13	159	508	16
244	-91.676	46.272	22	69	270	18
245	-73.38	-65.62	12	72	356	18
246	-25.887	-60.834	9	156	485	7
247	-76.044	-90.242	20	162	439	23
248	65.403	96.59	10	287	479	25
249	-14.491	79.658	1	280	490	20
250	30.821	-11.012	11	135	391	21
251	79.954	-65.261	20	218	493	16
252	-80.909	99.697	5	296	544	11
253	-61.495	56.748	9	72	349	19
254	91.835	32.607	19	137	345	1
255	-52.159	-46.33	4	299	567	4
256	13.637	-77.285	13	194	464	19
257	33.86	-56.973	15	124	343	22
258	-91.274	15.887	22	185	524	13
259	3.389	46.365	11	125	476	21
260	-56.96	87.374	11	282	607	19
261	69.748	5.51	2	239	521	10
262	80.282	-29.594	4	293	627	22
263	22.879	-8.667	16	291	535	19
264	-98.36	-5.213	3	136	339	3
265	-92.319	17.497	9	183	464	20
266	-64.001	-25.659	6	183	519	22
267	5.152	53.556	19	148	452	11
268	24.457	-81.058	7	297	514	16
269	87.985	35.007	20	198	378	9
270	75.092	-28.896	14	298	484	14
271	-49.666	-43.556	20	297	542	25
272	-31.422	84.764	2	75	356	6
273	20.193	-14.287	20	76	348	8
274	-89.661	85.251	8	176	463	22
275	93.359	17.904	10	208	394	16
276	57.392	39.208	6	261	535	12
277	-71.557	-36.715	7	108	333	4
278	-14.524	89.167	2	164	429	12
279	8.039	53.054	15	134	343	24
280	-98.054	-62.054	25	99	410	22
281	-18.945	-64.643	25	255	539	22
282	-54.479	-87.044	11	176	514	7
283	-26.151	-94.12	11	209	425	4
284	41.159	-70.376	8	293	649	11
285	-8.113	45.164	2	202	424	11
286	5.719	-69.297	19	130	401	2
287	16.737	13.999	12	68	265	14
288	-68.07	-37.383	20	148	490	17
289	90.854	-12.755	12	134	357	1
290	82.599	56.945	6	282	616	16
291	-73.608	53.311	18	178	404	3
292	86.904	51.033	25	260	469	2
293	-38.314	-2.919	14	286	585	18
294	-31.951	90.2	7	68	301	6
295	-66.08	92.757	6	61	268	5
296	-61	-76.207	13	274	459	19
297	-70.4	51.207	20	199	417	12
298	-45.384	-37.226	12	108	376	21
299	0.891	14.371	12	68	265	19
300	-50.982	-0.558	25	173	470	8
301	-86.846	-40.739	4	226	545	21
302	-56.905	-90.4	20	196	411	21
303	-98.436	60.291	3	184	477	25
304	16.876	-25.749	4	253	589	1
305	-76.032	-6.08	23	87	282	13
306	58.256	70.29	3	77	372	11
307	-43.192	94.758	21	267	453	20
308	-80.935	-67.892	15	105	408	13
309	48.066	-82.159	9	254	547	4
310	23.805	22.964	17	178	465	4
311	-25.54	84.101	13	263	588	10
312	90.076	23.883	9	288	611	13
313	-49.712	76.162	7	200	420	8
314	-74.976	16.511	4	213	519	11
315	9.806	-64.46	4	119	392	14
316	-39.537	17.082	17	213	407	12
317	-0.326	21.885	18	123	334	23
318	55.316	-50.975	19	91	342	9
319	54.429	-37.561	5	164	475	19
320	-73.911	29.639	16	61	272	1
321	35.748	-82.187	14	259	517	9
322	58.624	36.732	13	279	575	19
323	-97.904	-67.77	8	290	489	11
324	82.049	11.889	12	196	403	10
325	27.552	-71.304	7	119	349	6
326	-68.397	26.445	18	271	601	2
327	-1.506	26.509	8	73	395	3
328	18.466	-52.826	25	198	519	16
329	-17.836	83.8	7	275	551	4
330	78.547	30.537	6	140	357	2
331	-81.505	79.09	21	115	435	20
332	-81.554	74.666	3	83	352	12
333	-47.398	-83.47	20	251	587	4
334	-2.507	-72.084	14	120	392	15
335	-16.36	99.113	12	72	432	11
336	-49.633	-42.145	10	132	393	20
337	77.193	-90.581	17	79	369	4
338	-37.834	-84.422	23	208	388	12
339	74.247	-48.119	19	299	513	4
340	16.36	-18.325	3	126	371	14
341	73.656	-39.008	13	181	402	17
342	-21.892	84.581	7	228	574	9
343	-11.789	-18.976	7	230	490	10
344	-16.962	43.168	10	292	493	11
345	-83.289	-56.239	19	64	402	9
346	67.037	4.975	2	287	564	23
347	-29.358	-85.877	1	299	526	25
348	-57.893	-88.917	19	173	513	25
349	-88.691	4.523	19	116	338	16
350	49.394	1.532	13	294	644	23
351	1.442	-23.599	10	180	495	7
352	19.846	-31.792	17	271	576	5
353	-81.837	67.918	10	124	317	18
354	57.841	10.655	18	172	493	11
355	-61.91	6.282	3	264	484	10
356	0.556	-36.577	12	100	328	13
357	-61.624	38.528	7	145	367	6
358	-38.309	-90.507	9	119	435	7
359	-98.35	-91.793	20	129	457	18
360	17.601	-11.336	20	254	613	1
361	87.995	8.526	21	113	385	12
362	-82.823	-57.76	15	274	464	6
363	43.5	-44.233	7	266	575	4
364	-85.31	-22.107	22	209	530	23
365	-99.301	-33.313	19	158	439	7
366	-3.536	52.261	16	228	560	9
367	-31.742	61.593	21	71	277	22
368	-69.25	84.881	4	257	514	3
369	2.1	-20.161	20	181	460	3
370	97.266	14.248	3	295	620	15
371	-13.831	-90.172	24	248	509	16
372	60.366	-70.903	2	193	513	24
373	51.401	-9.408	13	128	472	25
374	83.059	63.785	25	246	540	16
375	50.318	-50.419	20	201	393	9
376	67.298	73.711	17	233	466	1
377	29.476	-18.334	23	192	385	4
378	-56.177	48.002	5	115	338	14
379	-73.613	-23.673	1	88	417	15
380	49.143	-59.275	4	175	396	5
381	37.508	99.189	9	266	594	7
382	55.565	89.13	7	281	569	1
383	-37.53	52.127	13	75	389	1
384	-41.782	80.566	2	256	611	4
385	-67.887	-47.081	9	98	439	25
386	-71.875	64.92	6	292	601	2
387	30.537	16.541	4	121	451	25
388	5.429	-36.924	4	234	594	20
389	-19.466	-94.773	23	257	558	5
390	94.995	37.283	25	179	381	15
391	-59.284	-51.669	24	285	499	3
392	83.677	-37.87	20	116	431	14
393	-31.282	76.958	18	297	624	6
394	-21.775	-62.707	24	109	386	20
395	-38.303	79.185	8	277	619	6
396	-65.405	-2.976	18	90	450	15
397	-42.148	-93.52	2	173	409	17
398	-45.922	64.594	24	162	346	15
399	39.221	-92.221	9	257	520	1
400	-16.407	-25.092	2	247	605	3
401	-88.039	99.59	8	76	319	2
402	44.941	-83.928	24	82	354	22
403	11.889	29.626	10	131	442	24
404	-87.778	-31.8	5	214	444	9
405	-23.326	-49.252	4	264	612	5
406	44.533	15.419	20	183	512	11
407	77.683	56.199	8	131	365	15
408	-99.186	69.319	24	285	495	6
409	70.024	-10.589	18	179	483	17
410	-10.537	-8.642	16	184	393	3
411	5.848	4.905	20	143	452	22
412	-82.654	41.072	15	270	617	19
413	-27.619	-79.653	16	91	450	6
414	70.688	27.688	13	120	399	25
415	-37.749	-28.9	2	248	573	7
416	68.157	66.833	4	225	497	18
417	-77.422	71.717	14	195	394	13
418	71.045	71.232	19	268	454	17
419	-19.769	39.49	7	234	417	19
420	-92.568	-64.347	12	226	487	22
421	22.94	-97.178	20	183	478	22
422	-96.173	8.074	7	68	347	2
423	17.682	-69.748	9	81	288	3
424	-57.768	39.715	11	289	500	5
425	-43.472	-70.011	25	228	489	20
426	76.019	-94.839	9	147	357	16
427	-63.408	-32.63	11	269	507	9
428	-27.557	30.459	7	264	490	20
429	-99.622	-10.417	9	232	414	2
430	-96.408	-90.976	8	111	422	9
431	75.591	33.895	4	125	349	6
432	-97.661	-68.98	18	110	429	21
433	78.338	95.216	23	67	396	7
434	64.916	75.631	1	171	468	25
435	-97.571	40.149	16	71	319	6
436	-41.943	75.364	2	227	502	14
437	-93.925	11.645	9	220	439	3
438	56.102	-95.681	22	253	466	13
439	16.477	-25.814	20	151	502	18
440	-42.382	76.447	9	115	393	23
441	-44.745	78.318	20	136	362	11
442	-70.17	-50.321	6	163	448	18
443	43.628	6.119	23	208	472	5
444	55.957	-58.153	6	122	344	11
445	20.394	34.159	8	176	450	24
446	-80.586	-94.243	13	274	537	14
447	-72.56	99.292	18	179	394	2
448	88.007	15.369	4	108	318	13
449	-48.437	-54.38	14	194	531	12
450	-99.368	18.267	16	188	420	17
451	28.532	-88.483	13	252	453	22
452	98.434	-83.286	15	270	540	12
453	-92.193	-55.04	2	116	423	20
454	-1.879	36.763	11	131	406	7
455	68.398	33.017	16	230	545	15
456	-59.529	76.935	20	259	609	2
457	-76.104	59.656	12	262	566	7
458	-80.412	18.087	2	155	418	13
459	30.871	-61.571	4	246	466	17
460	88.587	96.736	1	264	562	13
461	7.128	81.991	3	66	326	19
462	-90.995	-67.043	12	287	537	8
463	-4.581	57.715	22	72	390	21
464	-89.568	97.849	24	223	419	17
465	23.934	8.48	9	201	412	7
466	90.895	44.75	6	238	529	17
467	53.032	-15.794	7	160	424	20
468	-94.632	-37.316	11	81	388	22
469	83.173	0.908	21	244	441	14
470	-69.111	28.013	7	245	491	15
471	-25.602	-82.965	16	271	627	6
472	81.065	92.421	23	265	606	14
473	-60.961	57.279	15	155	372	14
474	-7.482	97.751	18	201	491	16
475	-13.912	-57.282	6	244	591	23
476	-34.426	-48.883	17	272	473	19
477	52.381	47.645	19	206	388	24
478	-38.001	3.211	16	124	472	12
479	-83.29	-97.839	19	112	304	19
480	76.956	-87.147	8	111	450	25
481	71.79	-23.471	5	64	375	13
482	-18.26	67.64	13	173	449	12
483	-45.884	82.377	1	169	413	25
484	45.182	-13.815	15	196	381	7
485	-16.579	-91.529	10	91	294	25
486	79.309	-48.181	21	114	424	5
487	-22.648	-80.734	3	297	551	8
488	48.55	-77.742	15	166	408	9
489	66.838	44.888	21	69	255	8
490	-84.768	-79.497	7	226	479	2
491	-52.882	42.124	5	256	446	1
492	91.457	8.581	22	145	353	17
493	-70.771	44.683	19	218	476	9
494	-38.296	70.884	22	180	438	25
495	78.806	77.5	18	93	437	14
496	-17.485	-94.26	7	295	540	3
497	3.023	31.798	10	93	340	17
498	16.812	-55.327	8	102	442	22
499	25.24	-84.17	7	120	473	25
500	-82.696	-57.59	3	95	361	25
501	-27.46	61.856	12	187	474	11
502	-86.587	80.24	6	208	477	4
503	-34.357	20.982	15	145	325	12
504	95.827	-61.133	14	103	457	17
505	-85.297	79.473	3	259	470	13
506	13.355	-27.539	9	132	417	10
507	-96.872	35.735	17	240	451	16
508	-62.539	45.069	21	169	461	6
509	92.63	-37.475	11	142	335	5
510	-69.398	32.868	25	284	613	8
511	43.035	78.401	2	255	491	6
512	-78.774	-97.845	21	288	481	18
513	63.122	-28.211	5	254	557	17
514	-50.127	-7.132	17	79	402	17
515	67.502	-4.767	5	254	568	20
516	87.95	68.081	12	99	375	2
517	77.513	37.872	6	145	470	7
518	-30.657	-37.889	9	155	493	11
519	-32.922	-57.05	11	67	403	11
520	-88.654	67.289	20	203	430	24
521	-70.256	81.637	21	163	431	21
522	78.346	73.703	2	78	347	23
523	-84.333	-80.772	12	167	496	13
524	-36.57	-23.585	21	160	507	13
525	-3.343	96.136	6	247	442	21
526	-27.868	27.847	24	181	493	21
527	22.987	11.002	24	187	545	7
528	-40.126	83.374	18	239	508	1
529	93.385	-75.927	22	74	263	21
530	-70.184	-69.884	12	71	369	23
531	-76.195	78.467	15	114	455	15
532	-70.312	-96.751	21	137	370	25
533	-17.638	95.431	11	114	425	5
534	-89.402	6.426	17	222	562	20
535	92.973	27.36	15	179	403	14
536	53.399	-12.485	13	214	574	3
537	-97.435	-41.61	12	180	399	3
538	-49.654	-55.233	23	121	431	2
539	-11.199	-83.05	20	168	473	2
540	-82.244	-83.4	1	289	531	8
541	-26.095	57.655	20	261	477	7
542	-49.244	93.869	1	252	508	9
543	-54.417	55.83	15	201	423	6
544	53.013	-63.241	19	156	412	8
545	51.548	90.756	8	180	454	20
546	-83.565	84.086	23	251	502	18
547	-80.13	3.963	13	62	267	8
548	-91.688	14.637	18	130	450	16
549	-55.77	18.579	22	299	484	12
550	73.503	91.074	9	232	590	14
551	72.24	56.12	18	127	414	3
552	-45.032	42.513	14	153	407	7
553	30.536	-85.699	1	160	407	15
554	65.113	87.452	25	104	383	21
555	26.49	-78.842	25	162	480	24
556	-22.337	42.121	17	276	583	24
557	84.538	-60.209	16	190	516	8
558	50.983	93.897	24	299	614	11
559	67.771	-41.162	14	279	578	2
560	-10.946	-81.136	16	110	399	1
561	88.799	4.174	25	294	568	17
562	95.111	84.526	25	298	518	19
563	-15.398	70.27	4	218	532	6
564	-72.079	-63.477	24	167	388	14
565	-7.708	63.376	6	226	547	17
566	38.759	-76.813	25	208	554	1
567	-7.31	-17.889	5	245	500	10
568	46.213	58.74	8	75	381	23
569	15.571	-24.527	4	117	403	17
570	89.007	15.6	4	148	392	8
571	8.629	6.921	12	234	592	19
572	-87.182	89.72	22	211	426	23
573	-60.518	48.371	21	115	384	20
574	-87.307	95.3	11	157	501	3
575	44.515	-15.86	8	66	248	16
576	47.418	60.176	9	117	350	7
577	40.465	-28.865	5	159	447	3
578	-25.052	57.65	6	215	459	1
579	-19.842	-88.066	8	266	575	17
580	8.498	21.597	17	238	531	14
581	-4.075	-57.002	25	172	491	25
582	-98.297	-26.045	3	65	395	5
583	-27.286	12.747	14	177	520	8
584	-30.609	-58.8	4	202	388	1
585	8.692	-91.843	16	272	598	21
586	65.178	-5.969	12	274	499	4
587	54.953	-96.962	11	176	376	13
588	-97.103	58.234	22	145	448	5
589	97.477	81.35	9	63	347	25
590	99.274	-85.273	4	235	484	11
591	-92.125	-39.229	16	204	523	5
592	-80.296	99.275	8	205	486	23
593	-4.521	89.601	11	120	389	14
594	96.536	-32.462	2	174	361	8
595	89.958	60.167	18	170	392	12
596	-21.204	34.464	21	129	417	10
597	-92.189	42.041	8	220	515	5
598	26.647	-63.615	10	142	468	6
599	40.766	99.974	4	169	459	5
600	4.379	-64.345	24	272	526	1
601	63.061	-96.523	25	144	392	2
602	98.325	25.41	2	171	459	7
603	-56.628	29.761	10	207	481	14
604	56.193	57.227	20	120	351	6
605	45.472	-99.471	22	175	356	4
606	-60.104	-51.658	11	77	274	10
607	-80.829	-63.209	1	205	473	21
608	-98.795	-32.312	18	220	534	6
609	7.254	68.995	1	152	408	5
610	18.751	60.037	18	286	595	13
611	-86.017	49.064	8	269	471	9
612	23.47	90.202	21	215	471	1
613	4.737	-5.327	7	258	469	7
614	-61.012	-46.769	25	83	306	18
615	-94.753	93.277	5	77	276	24
616	-83.249	49.102	22	179	456	18
617	-17.236	75.374	24	152	453	12
618	-36.693	7.705	13	298	603	22
619	-46.207	15.097	11	98	279	3
620	-6.468	-91.945	7	172	485	4
621	-51.296	-15.225	5	61	359	13
622	-6.889	-49.82	10	189	383	20
623	-89.393	-96.668	23	118	407	16
624	19.356	-7.406	16	66	305	22
625	-2.372	24.513	7	155	426	9
626	-11.309	-9.908	5	144	474	20
627	-74.272	1.343	7	250	549	22
628	-21.771	-28.745	9	169	509	6
629	-73.34	94.352	10	140	423	18
630	95.052	0.394	21	90	366	1
631	62.608	-60.888	20	241	586	25
632	-51.504	99.99	20	263	564	15
633	-44.223	93.128	14	133	463	20
634	47.821	-11.473	13	189	473	12
635	-64.714	29.571	4	259	547	17
636	-23.929	3.157	19	197	538	15
637	-62.563	-45.039	15	185	404	25
638	46.004	-66.752	19	225	483	2
639	84.428	38.377	18	224	437	2
640	12.02	62.104	4	286	561	21
641	-50.426	-50.313	6	188	530	10
642	-28.652	-75.214	22	216	520	19
643	-72.342	-83.697	24	228	480	15
644	-83.853	61.193	4	137	400	23
645	-11.443	77.977	9	129	349	1
646	-92.898	37.233	23	205	430	14
647	-36.878	-96.437	20	229	531	20
648	-15.449	88.184	20	170	453	6
649	-48.313	75.371	21	242	459	11
650	0.269	-25.621	24	155	502	12
651	-25.088	71.701	10	114	349	1
652	11.896	-83.981	15	158	373	15
653	25.915	64.022	2	202	464	8
654	-33.555	-28.986	16	196	467	18
655	33.041	83.359	24	232	498	23
656	-59.485	-88.316	3	148	485	17
657	90.285	-92.028	4	160	424	4
658	43.353	81.992	8	289	520	5
659	52.495	-92.793	13	281	490	4
660	19.004	57.367	23	148	447	12
661	-53.581	69.173	15	226	532	7
662	-88.217	-96.166	12	64	301	19
663	45.421	86.728	9	283	639	18
664	87.768	37.918	21	176	360	24
665	-23.6	-90.025	25	263	592	1
666	-72.567	52.39	7	247	565	3
667	-27.904	88.116	13	113	470	17
668	93.39	-99.869	17	224	574	10
669	-49.306	-8.166	22	294	596	15
670	-47.948	58.213	21	125	393	17
671	-99.678	86.905	17	177	437	10
672	81.572	-36.695	10	296	618	12
673	54.545	23.866	21	81	389	16
674	-94.315	89.361	3	268	463	10
675	94.715	1.41	2	300	625	17
676	-67.271	-38.55	11	256	483	5
677	88.41	-76.07	14	63	327	15
678	62.192	-73.395	6	144	385	4
679	-36.396	62.007	3	99	400	23
680	20.274	-61.074	13	173	432	5
681	95.206	-26.909	6	290	484	19
682	12.644	70.267	17	201	527	11
683	-18.888	72.497	23	300	659	13
684	-84.995	-79.233	10	282	508	11
685	-48.966	-88.937	15	214	530	15
686	-16.023	66.94	18	77	310	22
687	-24.162	47.72	25	274	568	24
688	-91.917	76.165	8	147	439	15
689	-27.548	-65.902	10	300	568	24
690	53.39	-62.335	18	233	562	15
691	34.508	76.878	15	198	386	3
692	-38.221	-80.407	24	203	433	3
693	95.983	18.751	7	228	441	8
694	-35.507	-51.476	23	225	544	14
695	-48.819	35.477	7	172	439	2
696	-60.245	-68.289	11	143	353	11
697	-36.753	-70.981	20	93	431	24
698	-85.12	-89.277	7	297	599	11
699	-76.728	-3.117	12	133	487	8
700	27.865	-30.569	6	257	555	3
701	-28.618	-31.981	16	119	462	20
702	81.219	18.097	10	294	503	19
703	-13.241	-85.219	13	145	482	19
704	-41.644	-96.769	13	218	536	15
705	51.088	-29.67	19	184	493	6
706	-33.43	-93.188	4	299	612	11
707	9.018	90.888	5	233	453	10
708	-71.808	56.635	9	113	444	13
709	84.16	-31.976	1	274	575	15
710	-44.312	-9.621	23	226	423	13
711	-2.506	-75.704	9	185	494	17
712	40.647	-93.25	18	163	416	24
713	-89.538	61.172	8	189	393	9
714	-86.77	47.273	8	253	508	1
715	-10.815	-39.277	13	108	399	25
716	-41.306	78.926	18	180	488	11
717	43.246	-60.635	8	218	523	14
718	39.661	-54.372	6	195	547	11
719	21.123	-79.729	2	166	522	24
720	-33.062	-37.964	19	78	338	23
721	85.331	-23.661	10	216	502	18
722	-8.265	89.701	22	123	362	6
723	-32.68	-53.706	12	182	515	15
724	-8.922	90.571	12	220	485	8
725	7.112	72.266	5	79	369	21
726	37.634	-82.97	12	145	408	23
727	55.796	-25.062	19	158	452	1
728	-84.637	18.508	11	219	541	9
729	-81.025	-77.542	9	299	647	4
730	48.153	60.186	23	229	481	1
731	-56.71	-65.612	24	146	408	19
732	-46.037	67.393	2	113	431	2
733	-72.361	-70.591	16	81	288	1
734	-90.585	-7.05	3	106	373	1
735	-73.162	79.959	5	85	270	19
736	67.217	85.366	3	128	416	24
737	-68.613	-68.349	12	126	324	17
738	-99.252	-66.352	13	63	253	9
739	-84.413	-62.967	16	256	556	8
740	-54.542	-82.485	17	178	534	15
741	-68.312	97.969	20	96	448	3
742	27.56	-32.342	17	295	555	2
743	-63.012	-96.59	7	239	438	6
744	98.758	-42.422	24	240	424	1
745	-14.48	-38.43	19	217	499	14
746	-87.251	68.357	18	242	537	21
747	-27.155	-39.51	12	127	460	10
748	93.292	-59.465	19	149	474	12
749	62.407	-3.828	13	270	613	6
750	-33.323	67.417	9	282	611	16
751	77.743	34.381	12	113	325	2
752	-1.776	82.245	22	274	594	22
753	-24.851	68.574	3	78	264	10
754	92.78	-59.985	19	94	317	13
755	80.947	-44.933	23	202	420	18
756	-35.353	38.549	19	262	542	7
757	68.909	24.96	13	94	453	8
758	86.867	-93.257	1	193	485	15
759	-12.914	-78.012	21	90	303	22
760	-77.963	-60.184	24	198	431	2
761	-77.772	47.538	17	97	278	11
762	-70.394	-55.15	1	176	361	15
763	-98.062	-45.386	17	269	624	18
764	48.307	-91.44	13	212	477	10
765	-40.905	87.054	2	226	461	4
766	84.78	-53.103	16	191	476	17
767	86.924	-73.159	18	79	393	18
768	-90.067	50.4	25	69	353	4
769	-87.469	-34.504	16	155	395	7
770	-81.117	-97.785	15	247	509	11
771	27.857	-34.072	7	79	419	16
772	86.382	54.933	7	163	345	10
773	-71.276	-6.169	22	144	392	6
774	-50.602	51.637	13	297	554	5
775	-98.207	-86.931	11	128	437	2
776	-37.713	8.607	2	237	562	25
777	76.394	82.615	3	279	606	3
778	89.911	-67.787	19	145	466	13
779	12.792	-77.573	22	254	511	12
END_SECTION
VEHICLE_BATTERY_SECTION
0
END_SECTION
VEHICLE_CAPACITY_SECTION
180
END_SECTION
BATTERY_CONSUM_RATE_SECTION
1
END_SECTION
INVERSE_REFUELING_RATE_SECTION
0.38
END_SECTION
AVERAGE_VELOCITY_SECTION
1
END_SECTION
END_FILE
