NODE_COUNT_SECTION
1202
END_SECTION
DEP_COUNT_SECTION
12
END_SECTION
DEP_SECTION
0	44.306	-25.952	0	0	1000	0
1	-32.403	14.042	0	0	1000	0
2	37.663	13.769	0	0	1000	0
3	-15.104	12.111	0	0	1000	0
4	32.413	24.218	0	0	1000	0
5	10.846	-42.185	0	0	1000	0
6	37.199	1.346	0	0	1000	0
7	-33.128	-14.172	0	0	1000	0
8	-8.716	-4.86	0	0	1000	0
9	-25.037	19.618	0	0	1000	0
10	23.605	39.795	0	0	1000	0
11	41.196	45.258	0	0	1000	0
END_SECTION
RECHARGING_STATION_COUNT_SECTION
230
END_SECTION
RECHARGING_STATION_SECTION
0	63.858	-80.122	0	0	1000	0
1	-27.252	-80.144	0	0	1000	0
2	-49.906	42.866	0	0	1000	0
3	-88.122	11.441	0	0	1000	0
4	-40.229	-92.014	0	0	1000	0
5	57.732	-49.768	0	0	1000	0
6	49.017	-80.589	0	0	1000	0
7	81.079	3.187	0	0	1000	0
8	-95.283	38.032	0	0	1000	0
9	88.66	-54.588	0	0	1000	0
10	84.623	55.392	0	0	1000	0
11	89.81	-74.628	0	0	1000	0
12	-26.718	-63.368	0	0	1000	0
13	-31.766	-57.925	0	0	1000	0
14	44.226	14.008	0	0	1000	0
15	-10.923	-9.275	0	0	1000	0
16	-7.219	-37.761	0	0	1000	0
17	75.635	93.047	0	0	1000	0
18	-49.389	35.101	0	0	1000	0
19	-67.191	28.073	0	0	1000	0
20	73.657	-66.077	0	0	1000	0
21	7.838	-66.299	0	0	1000	0
22	78.623	36.426	0	0	1000	0
23	-14.749	83.757	0	0	1000	0
24	48.929	-11.011	0	0	1000	0
25	63.782	-63.058	0	0	1000	0
26	50.552	93.317	0	0	1000	0
27	93.331	-10.915	0	0	1000	0
28	7.14	10.616	0	0	1000	0
29	-25.152	58.198	0	0	1000	0
30	-33.898	9.686	0	0	1000	0
31	-94.9	-52.202	0	0	1000	0
32	-33.617	-1.048	0	0	1000	0
33	27.997	-65.794	0	0	1000	0
34	-42.459	-38.319	0	0	1000	0
35	23.199	10.846	0	0	1000	0
36	-38.433	52.518	0	0	1000	0
37	-59.694	-51.664	0	0	1000	0
38	-4.215	-71.722	0	0	1000	0
39	45.382	-71.56	0	0	1000	0
40	-24.695	86.978	0	0	1000	0
41	-61.365	-45.394	0	0	1000	0
42	-66.662	-96.671	0	0	1000	0
43	-85.363	-60.916	0	0	1000	0
44	82.292	-44.775	0	0	1000	0
45	-94.314	-7.611	0	0	1000	0
46	-47.659	95.381	0	0	1000	0
47	-17.791	-60.913	0	0	1000	0
48	-58.872	-71.231	0	0	1000	0
49	-64.858	-0.959	0	0	1000	0
50	32.365	-59.272	0	0	1000	0
51	-49.427	-7.943	0	0	1000	0
52	76.056	-49.005	0	0	1000	0
53	-43.1	85.609	0	0	1000	0
54	-74.679	-5.122	0	0	1000	0
55	-74.193	-86.97	0	0	1000	0
56	-70.317	93.619	0	0	1000	0
57	-3.088	95.289	0	0	1000	0
58	97.566	82.93	0	0	1000	0
59	-94.387	-33.945	0	0	1000	0
60	76.994	75.68	0	0	1000	0
61	7.141	28.853	0	0	1000	0
62	-4.059	54.988	0	0	1000	0
63	45.636	-84.926	0	0	1000	0
64	72.705	-13.365	0	0	1000	0
65	-37.318	-95.465	0	0	1000	0
66	37.747	-79.55	0	0	1000	0
67	-43.314	-19.988	0	0	1000	0
68	-50.943	-44.72	0	0	1000	0
69	-3.897	-53.269	0	0	1000	0
70	32.18	57.194	0	0	1000	0
71	55.206	-30.434	0	0	1000	0
72	19.355	-7.27	0	0	1000	0
73	88.233	38.049	0	0	1000	0
74	26.508	-32.256	0	0	1000	0
75	-38.077	18.967	0	0	1000	0
76	85.466	94.329	0	0	1000	0
77	-32.253	64.425	0	0	1000	0
78	77.067	-90.056	0	0	1000	0
79	-27.713	29.153	0	0	1000	0
80	-82.212	40.898	0	0	1000	0
81	42.983	-94.036	0	0	1000	0
82	-84.125	-81.377	0	0	1000	0
83	21.354	27.349	0	0	1000	0
84	69.942	-37.6	0	0	1000	0
85	93.097	21.974	0	0	1000	0
86	-7.211	88.783	0	0	1000	0
87	61.546	76.918	0	0	1000	0
88	-80.005	-97.229	0	0	1000	0
89	94.281	10.404	0	0	1000	0
90	-35.411	-26.898	0	0	1000	0
91	-8.939	61.306	0	0	1000	0
92	81.965	-34.101	0	0	1000	0
93	-85.315	64.999	0	0	1000	0
94	58.118	71.268	0	0	1000	0
95	-41.646	76.989	0	0	1000	0
96	-67.683	-45.927	0	0	1000	0
97	-62.109	59.182	0	0	1000	0
98	-68.482	-34.16	0	0	1000	0
99	-64.584	87.465	0	0	1000	0
100	26.124	-92.305	0	0	1000	0
101	-30.447	57.223	0	0	1000	0
102	81.088	-60.629	0	0	1000	0
103	-50.874	54.586	0	0	1000	0
104	-0.124	41.271	0	0	1000	0
105	-32.186	39.457	0	0	1000	0
106	47.015	81.481	0	0	1000	0
107	19.372	86.921	0	0	1000	0
108	-23.431	-47.637	0	0	1000	0
109	-28.023	-94.997	0	0	1000	0
110	-49.957	-53.768	0	0	1000	0
111	-15.831	-88.217	0	0	1000	0
112	8.534	51.887	0	0	1000	0
113	7.73	95.913	0	0	1000	0
114	38.127	-23.647	0	0	1000	0
115	73.049	-25.229	0	0	1000	0
116	58.291	87.021	0	0	1000	0
117	-67.976	-92.369	0	0	1000	0
118	67.9	-97.621	0	0	1000	0
119	-93.663	16.572	0	0	1000	0
120	19.133	-54.037	0	0	1000	0
121	-70.386	-69.608	0	0	1000	0
122	-34.231	89.547	0	0	1000	0
123	31.166	78.659	0	0	1000	0
124	-37.889	-70.895	0	0	1000	0
125	-25.794	97.36	0	0	1000	0
126	-84.008	-23.33	0	0	1000	0
127	47.261	59.7	0	0	1000	0
128	-88.158	48.498	0	0	1000	0
129	-73.924	62.281	0	0	1000	0
130	-31.381	-32.957	0	0	1000	0
131	-7.307	-86.125	0	0	1000	0
132	4.773	-95.279	0	0	1000	0
133	39.088	96.936	0	0	1000	0
134	42.135	-53.08	0	0	1000	0
135	90.128	-96.563	0	0	1000	0
136	-10.993	48.593	0	0	1000	0
137	-97.373	91.412	0	0	1000	0
138	-77.201	2.653	0	0	1000	0
139	-73.658	52.372	0	0	1000	0
140	94.36	-27.935	0	0	1000	0
141	55.268	52.906	0	0	1000	0
142	-17.928	-20.505	0	0	1000	0
143	88.6	-83.779	0	0	1000	0
144	84.668	-22.029	0	0	1000	0
145	-47.289	64.971	0	0	1000	0
146	-14.372	40.311	0	0	1000	0
147	73.514	53.055	0	0	1000	0
148	-92.299	9.411	0	0	1000	0
149	25.427	43.117	0	0	1000	0
150	74.903	-75.849	0	0	1000	0
151	57.869	-84.592	0	0	1000	0
152	-63.17	79.768	0	0	1000	0
153	-85.643	97.042	0	0	1000	0
154	77.293	32.937	0	0	1000	0
155	-17.295	70.075	0	0	1000	0
156	-72.255	-20.173	0	0	1000	0
157	-66.13	40.045	0	0	1000	0
158	85.433	84.926	0	0	1000	0
159	65.242	97.805	0	0	1000	0
160	-24.37	-29.891	0	0	1000	0
161	-13.091	-78.339	0	0	1000	0
162	-76.362	-64.85	0	0	1000	0
163	-97.655	-89.9	0	0	1000	0
164	-81.255	-41.237	0	0	1000	0
165	1.345	-22.552	0	0	1000	0
166	86.723	25.671	0	0	1000	0
167	-51.462	-73.686	0	0	1000	0
168	-20.507	-93.636	0	0	1000	0
169	-54.375	-87.084	0	0	1000	0
170	-93.177	2.085	0	0	1000	0
171	-38.553	-81.428	0	0	1000	0
172	62.918	39.845	0	0	1000	0
173	98.854	-84.28	0	0	1000	0
174	68.833	70.592	0	0	1000	0
175	73.127	83.633	0	0	1000	0
176	65.029	-4.855	0	0	1000	0
177	-97.172	59.852	0	0	1000	0
178	-80.174	16.903	0	0	1000	0
179	66.165	86.409	0	0	1000	0
180	-16.999	97.272	0	0	1000	0
181	-54.652	-17.036	0	0	1000	0
182	92.638	-92.951	0	0	1000	0
183	68.351	29.617	0	0	1000	0
184	90.113	64.274	0	0	1000	0
185	-23.25	44.92	0	0	1000	0
186	24.089	-80.797	0	0	1000	0
187	-50.41	11.998	0	0	1000	0
188	11.509	-80.545	0	0	1000	0
189	8.173	67.968	0	0	1000	0
190	-71.531	-57.165	0	0	1000	0
191	98.651	24.862	0	0	1000	0
192	92.942	1.201	0	0	1000	0
193	-76.152	29.703	0	0	1000	0
194	31.91	-11.585	0	0	1000	0
195	-77.194	76.28	0	0	1000	0
196	-27.24	73.604	0	0	1000	0
197	57.912	17.912	0	0	1000	0
198	94.43	-63.622	0	0	1000	0
199	86.783	12.222	0	0	1000	0
200	-64.67	17.243	0	0	1000	0
201	-91.973	-97.236	0	0	1000	0
202	-56.206	28.067	0	0	1000	0
203	-2.38	24.805	0	0	1000	0
204	6.607	-7.478	0	0	1000	0
205	-18.049	62.05	0	0	1000	0
206	21.908	-11.805	0	0	1000	0
207	-33.499	-51.855	0	0	1000	0
208	15.727	-24.391	0	0	1000	0
209	-45.99	-60.961	0	0	1000	0
210	-51.162	73.668	0	0	1000	0
211	-96.328	-66.139	0	0	1000	0
212	-9.55	-18.433	0	0	1000	0
213	69.555	5.203	0	0	1000	0
214	-19.934	33.819	0	0	1000	0
215	96.503	-39.058	0	0	1000	0
216	18.564	-67.388	0	0	1000	0
217	54.985	-95.473	0	0	1000	0
218	-30.159	-39.358	0	0	1000	0
219	80.806	-9.492	0	0	1000	0
220	52.875	-60.751	0	0	1000	0
221	60.451	-73.316	0	0	1000	0
222	-95.839	72.793	0	0	1000	0
223	-84.453	82.409	0	0	1000	0
224	2.676	82.118	0	0	1000	0
225	20.856	61.138	0	0	1000	0
226	77.886	17.996	0	0	1000	0
227	15.567	-8.875	0	0	1000	0
228	40.258	72.818	0	0	1000	0
229	-59.203	46.175	0	0	1000	0
END_SECTION
CLIENT_COUNT_SECTION
960
END_SECTION
CLIENT_SECTION
0	61.698	-53.092	13	283	418	13
1	-63.955	-22.283	23	197	299	20
2	75.778	-69.433	11	386	515	12
3	22.586	-83.907	1	84	194	17
4	-86.788	-27.145	6	229	339	25
5	-81.831	-39.166	16	169	281	5
6	19.863	24.925	25	129	289	23
7	-63.5	16.599	5	244	387	6
8	96.287	-67.422	15	100	193	20
9	46.465	82.227	8	226	328	23
10	94.992	-93.873	4	233	400	1
11	70.484	83.028	23	474	588	12
12	8.301	-97.197	24	91	235	21
13	84.535	83.563	19	264	424	7
14	-31.382	-53.353	18	309	402	14
15	-76.44	-30.377	3	229	364	14
16	98.978	24.314	10	140	289	3
17	72.157	-61.097	5	363	458	5
18	-52.145	-54.455	19	99	246	2
19	-82.192	-24.92	21	317	475	17
20	-34.223	-7.639	24	248	389	11
21	12.413	49.052	4	223	315	22
22	65.409	32.804	5	378	499	11
23	-49.305	-60.586	7	201	347	3
24	-89.514	-7.337	6	227	361	8
25	79.734	34.981	21	320	427	3
26	-92.319	13.061	24	375	489	23
27	-22	55.634	4	195	343	9
28	57.728	78.306	21	223	322	17
29	-91.824	-57.099	25	476	593	20
30	-17.173	-57.77	20	206	355	3
31	98.536	74.341	7	362	487	21
32	80.134	-34.37	4	176	296	3
33	-81.105	63.758	2	357	467	2
34	72.739	-98.718	25	273	440	11
35	-96.412	72.897	2	252	371	9
36	19.351	83.622	11	214	373	8
37	-95.833	32.825	12	134	229	23
38	32.024	-65.238	14	197	329	23
39	-59.011	49.719	20	270	430	2
40	-21.061	-62.843	1	319	425	7
41	-51.674	-88.581	9	259	416	19
42	24.641	-77.076	22	356	523	10
43	-83.013	88.023	21	84	236	14
44	50.435	-81.865	5	401	568	9
45	-49.351	11.697	5	423	518	23
46	-64.821	-42.687	24	232	337	6
47	78.986	5.467	2	70	234	17
48	49.127	95.298	21	83	203	11
49	12.855	-5.226	20	386	562	10
50	-18.273	68.258	7	207	359	8
51	0.272	-24.782	17	168	299	1
52	92.088	-82.543	25	184	305	12
53	92.321	-12.63	24	211	325	25
54	87.652	-81.329	2	202	380	6
55	94.671	-55.65	17	166	321	6
56	-73.793	62.268	11	171	313	18
57	77.979	-47.487	11	102	239	16
58	-50.435	-72.255	6	399	570	7
59	-88.727	11.618	8	78	212	3
60	-98.309	-98.872	17	389	489	15
61	-80.669	14.506	18	370	539	9
62	-40.123	-34.209	21	205	312	18
63	18.178	45.924	3	305	430	18
64	-33.767	-26.121	23	422	559	23
65	-0.83	24.55	5	476	572	13
66	71.51	-76.041	13	268	411	9
67	-93.487	-8.037	25	346	459	4
68	-62.462	36.497	14	230	364	22
69	33.705	-24.84	16	366	458	7
70	-97.518	-51.281	11	243	379	22
71	-77.523	-69.189	16	435	596	5
72	-66.109	-92.951	24	220	315	13
73	29.145	75.018	25	268	366	4
74	-43.613	98.877	2	246	410	8
75	-13.693	-77.74	6	149	240	25
76	-29.092	-73.952	2	257	412	12
77	-59.931	79.215	3	72	220	20
78	63.509	81.027	20	406	553	19
79	89.689	-76.777	21	198	311	3
80	25.765	-63.018	17	323	484	20
81	87.684	72.051	6	469	573	2
82	60.187	-44.204	16	420	546	13
83	-23.442	91.116	16	73	185	4
84	40.372	89.616	7	360	485	5
85	-75.122	-17.393	6	152	264	7
86	73.83	75.837	5	348	475	13
87	-74.374	86.281	23	308	407	19
88	-37.843	-84.149	15	380	522	24
89	19.354	-7.134	15	479	569	5
90	50.717	81.312	11	173	303	19
91	-73.54	-59.72	15	79	211	14
92	-28.217	-93.019	1	228	329	10
93	-19.089	57.813	22	306	415	23
94	19.923	-91.844	11	288	381	23
95	47.511	-84.832	18	207	385	14
96	-16.981	69.551	4	409	566	2
97	-18.664	33.174	16	393	551	5
98	-67.235	91.064	10	177	284	10
99	28.908	73.689	13	276	444	19
100	44.676	-84.053	21	276	419	3
101	8.477	-9.628	14	191	306	20
102	-60.378	-13.467	6	149	313	12
103	-23.535	-46.021	1	249	384	18
104	16.938	-65.821	12	386	494	18
105	83.435	-63.765	13	82	211	12
106	-60.326	-81.289	7	414	511	19
107	-51.889	-69.908	3	242	418	10
108	-15.767	-87.689	6	394	530	20
109	97.014	54.023	1	437	606	19
110	65.406	-79.043	1	306	406	12
111	-43.499	74.997	19	170	340	16
112	60.211	86.287	20	230	392	19
113	-0.885	-96.702	20	328	444	9
114	37.168	75.667	10	339	516	22
115	-15.723	-86.624	25	165	334	25
116	-11.834	23.295	5	305	466	17
117	-55.227	-43.313	9	420	557	10
118	-47.345	32.97	4	422	565	7
119	-69.543	2.916	4	467	573	24
120	-29.019	40.365	22	229	378	19
121	-2.71	93.995	17	341	455	22
122	-43.454	90.189	20	247	403	5
123	88.091	11.886	20	110	220	15
124	7.563	-98.034	5	291	410	15
125	-54.865	-79.097	11	84	192	23
126	-77.274	-43.105	23	298	424	2
127	-84.757	81.79	18	450	624	22
128	-2.629	-67.495	17	62	225	5
129	50.528	78.183	18	107	254	3
130	37.707	98.965	20	306	463	23
131	-95.286	62.158	2	141	308	3
132	-59.416	-6.597	14	161	339	3
133	13.186	91.277	13	350	511	23
134	-18.092	-60.229	18	125	244	1
135	75.747	12.289	2	350	454	11
136	-84.96	-86.749	17	312	449	4
137	-40.311	-76.732	15	390	505	23
138	97.655	61.4	6	313	425	6
139	-58.494	-74.726	5	223	331	18
140	57.07	84.299	14	94	247	9
141	-76.258	-98.432	11	234	400	13
142	-19.787	-16.937	15	350	472	12
143	-56.943	-91.321	7	450	550	10
144	61.143	-50.147	16	89	201	21
145	41.27	-93.797	5	137	309	24
146	0.765	68.327	21	377	498	3
147	22.652	-12.459	9	126	256	12
148	-49.373	-11.169	22	390	494	11
149	82.417	-12.685	11	351	504	16
150	-44.852	-24.038	23	83	208	8
151	-23.094	-82.944	14	374	481	13
152	-96.489	-68.407	22	93	223	1
153	-0.725	-52.985	24	463	610	1
154	77.578	22.849	6	180	346	20
155	-65.714	0.841	10	381	535	24
156	-53.707	-43.512	13	441	549	18
157	-15.875	-57.184	5	60	206	22
158	-51.839	-70.497	18	389	525	2
159	-98.22	42.876	23	343	452	9
160	-89.776	-62.296	23	60	172	18
161	-81.043	-26.338	4	336	503	4
162	-49.509	-87.155	18	141	312	19
163	-12.5	42.259	6	151	251	16
164	85.553	10.064	14	165	316	10
165	-16.781	-37.596	14	222	346	9
166	-39.146	93.141	16	282	444	1
167	-67.551	-35.844	3	366	536	4
168	28.793	83.633	4	146	280	12
169	-51.802	43.962	8	318	484	19
170	19.754	63.128	1	332	448	16
171	5.154	32.394	7	183	324	20
172	-67.541	90.141	6	82	179	6
173	-76.329	-17.343	13	74	225	25
174	88.549	28.026	22	417	544	7
175	11.451	-67.094	18	279	430	21
176	67.156	-39.168	9	249	370	18
177	74.817	-17.028	2	69	179	24
178	-94.906	-31.706	8	331	429	15
179	69.783	45.476	5	118	293	7
180	-99.324	90.437	10	270	393	23
181	2.646	-18.594	25	189	316	17
182	-98.794	97.084	2	399	546	5
183	-8.744	35.989	12	346	450	10
184	-70.657	-56.623	25	346	509	6
185	-8.899	-70.758	23	455	619	22
186	90.593	91.792	20	149	306	24
187	-69.661	40.475	19	382	476	17
188	35.422	-75.577	15	285	440	23
189	-13.872	52.023	21	63	175	9
190	-80.864	-18.014	16	439	531	6
191	-49.906	62.928	11	147	288	23
192	44.92	-84.784	21	338	455	25
193	-79.066	-41.935	16	129	290	14
194	44.448	-72.234	17	107	258	24
195	-67.918	-43.582	3	254	399	4
196	87.472	70.413	11	191	298	4
197	35.435	-5.409	24	106	246	16
198	78.102	-87.657	24	76	185	9
199	-69.842	-91.787	4	317	453	14
200	86.062	-87.463	13	210	339	2
201	-12.736	-80.323	21	191	344	5
202	-49.366	10.733	14	266	442	15
203	4.337	97.717	1	276	410	13
204	62.209	74.82	10	311	484	20
205	-37.401	95.287	21	360	474	19
206	-31.234	84.347	3	216	363	17
207	75.098	56.919	17	310	407	23
208	-40.335	18.837	6	163	316	18
209	77.002	18.75	1	299	444	4
210	-10.169	59.236	25	148	328	23
211	98.485	-65.939	21	126	253	20
212	-52.459	-11.012	8	263	414	11
213	-21.474	-95.484	23	308	416	23
214	15.295	86.941	17	228	341	5
215	19.363	-72.907	22	256	402	16
216	-30.405	63.795	12	335	455	25
217	58.593	-82.985	18	381	493	19
218	-67.986	16.297	15	183	352	4
219	-31.951	-79.813	5	121	218	12
220	-86.817	97.642	3	95	243	23
221	16.247	-10.061	21	313	465	23
222	-57.99	81.81	15	143	267	4
223	-78.809	40.467	18	78	180	11
224	-86.391	-68.107	13	149	301	18
225	13.192	16.269	21	182	355	11
226	-91.165	48.88	4	303	425	25
227	-15.488	-64.646	18	72	195	17
228	-18.252	65.455	4	142	260	20
229	-67.752	1.392	23	250	401	22
230	-85.39	64.069	13	427	551	2
231	-68.14	79.243	1	290	448	17
232	43.244	75.441	22	72	232	17
233	-53.04	73.969	11	80	232	4
234	34.769	-35.124	17	381	534	6
235	80.289	59.159	8	211	337	4
236	-63.871	63.521	8	180	349	7
237	89.372	87.509	22	312	435	18
238	-0.248	96.123	7	478	612	4
239	55.39	-97.293	3	192	308	20
240	-44.258	-60.83	12	304	418	14
241	41.174	-80.199	23	64	222	6
242	-81.241	25.64	9	431	590	18
243	-89.674	7.85	11	315	441	1
244	-91.676	46.272	2	69	227	3
245	-73.38	-65.62	12	300	403	17
246	-25.887	-60.834	7	462	564	23
247	-76.044	-90.242	1	319	456	4
248	65.403	96.59	8	249	353	9
249	-14.491	79.658	12	401	517	4
250	30.821	-11.012	22	168	323	11
251	79.954	-65.261	8	122	236	8
252	-80.909	99.697	12	413	563	17
253	-61.495	56.748	8	459	624	8
254	91.835	32.607	5	450	591	6
255	-52.159	-46.33	6	270	367	6
256	13.637	-77.285	7	422	565	3
257	33.86	-56.973	25	133	263	23
258	-91.274	15.887	23	124	263	12
259	3.389	46.365	8	75	250	25
260	-56.96	87.374	10	241	358	3
261	69.748	5.51	17	228	375	4
262	80.282	-29.594	13	125	241	13
263	22.879	-8.667	6	480	576	10
264	-98.36	-5.213	24	313	461	3
265	-92.319	17.497	23	448	544	16
266	-64.001	-25.659	13	392	499	11
267	5.152	53.556	4	218	397	23
268	24.457	-81.058	13	410	549	20
269	87.985	35.007	8	396	517	14
270	75.092	-28.896	17	317	478	14
271	-49.666	-43.556	25	306	407	4
272	-31.422	84.764	20	93	186	18
273	20.193	-14.287	4	273	403	20
274	-89.661	85.251	21	156	332	22
275	93.359	17.904	3	194	358	24
276	57.392	39.208	17	179	343	16
277	-71.557	-36.715	24	289	421	10
278	-14.524	89.167	15	241	383	20
279	8.039	53.054	25	239	385	1
280	-98.054	-62.054	5	328	483	25
281	-18.945	-64.643	16	391	570	15
282	-54.479	-87.044	17	222	402	9
283	-26.151	-94.12	16	418	528	8
284	41.159	-70.376	25	470	622	15
285	-8.113	45.164	7	398	534	18
286	5.719	-69.297	14	437	548	1
287	16.737	13.999	4	127	268	18
288	-68.07	-37.383	22	423	515	14
289	90.854	-12.755	14	384	516	17
290	82.599	56.945	24	273	437	8
291	-73.608	53.311	8	387	517	2
292	86.904	51.033	2	153	246	12
293	-38.314	-2.919	20	445	624	4
294	-31.951	90.2	6	189	299	18
295	-66.08	92.757	5	375	514	19
296	-61	-76.207	6	192	364	7
297	-70.4	51.207	15	126	239	21
298	-45.384	-37.226	24	337	458	13
299	0.891	14.371	4	388	501	9
300	-50.982	-0.558	25	70	207	12
301	-86.846	-40.739	7	448	564	12
302	-56.905	-90.4	4	286	410	4
303	-98.436	60.291	13	324	463	6
304	16.876	-25.749	3	418	530	2
305	-76.032	-6.08	5	290	459	2
306	58.256	70.29	10	305	420	24
307	-43.192	94.758	25	324	434	15
308	-80.935	-67.892	13	118	285	14
309	48.066	-82.159	19	321	482	20
310	23.805	22.964	25	472	643	9
311	-25.54	84.101	22	89	252	13
312	90.076	23.883	17	328	453	17
313	-49.712	76.162	24	368	483	12
314	-74.976	16.511	12	163	300	18
315	9.806	-64.46	7	264	412	19
316	-39.537	17.082	9	85	186	12
317	-0.326	21.885	22	149	275	1
318	55.316	-50.975	13	356	467	18
319	54.429	-37.561	17	196	316	21
320	-73.911	29.639	24	363	539	6
321	35.748	-82.187	15	283	448	21
322	58.624	36.732	13	70	242	20
323	-97.904	-67.77	14	175	272	22
324	82.049	11.889	1	287	461	11
325	27.552	-71.304	22	377	470	9
326	-68.397	26.445	14	276	430	15
327	-1.506	26.509	6	360	532	12
328	18.466	-52.826	23	194	373	9
329	-17.836	83.8	6	93	251	2
330	78.547	30.537	14	80	260	11
331	-81.505	79.09	13	271	449	10
332	-81.554	74.666	25	368	547	25
333	-47.398	-83.47	25	170	260	23
334	-2.507	-72.084	13	279	446	13
335	-16.36	99.113	9	361	534	10
336	-49.633	-42.145	22	77	185	22
337	77.193	-90.581	24	284	438	7
338	-37.834	-84.422	24	86	223	6
339	74.247	-48.119	1	280	374	22
340	16.36	-18.325	25	291	410	12
341	73.656	-39.008	6	120	265	18
342	-21.892	84.581	16	71	210	8
343	-11.789	-18.976	10	374	554	17
344	-16.962	43.168	19	265	382	4
345	-83.289	-56.239	17	340	503	16
346	67.037	4.975	3	465	623	20
347	-29.358	-85.877	13	174	312	2
348	-57.893	-88.917	7	457	591	22
349	-88.691	4.523	21	117	291	4
350	49.394	1.532	2	460	577	20
351	1.442	-23.599	22	223	367	14
352	19.846	-31.792	9	72	188	5
353	-81.837	67.918	2	337	477	7
354	57.841	10.655	14	452	599	22
355	-61.91	6.282	14	150	327	11
356	0.556	-36.577	23	139	239	22
357	-61.624	38.528	3	150	258	19
358	-38.309	-90.507	8	110	212	8
359	-98.35	-91.793	20	355	448	2
360	17.601	-11.336	15	437	532	5
361	87.995	8.526	8	200	339	15
362	-82.823	-57.76	5	365	468	24
363	43.5	-44.233	21	229	352	12
364	-85.31	-22.107	25	230	377	19
365	-99.301	-33.313	7	296	425	4
366	-3.536	52.261	7	476	583	22
367	-31.742	61.593	12	475	605	13
368	-69.25	84.881	19	340	485	20
369	2.1	-20.161	20	343	506	19
370	97.266	14.248	7	158	315	18
371	-13.831	-90.172	13	392	566	5
372	60.366	-70.903	17	325	490	16
373	51.401	-9.408	9	153	278	21
374	83.059	63.785	25	228	350	25
375	50.318	-50.419	9	126	231	1
376	67.298	73.711	17	92	222	25
377	29.476	-18.334	1	332	509	25
378	-56.177	48.002	5	460	558	11
379	-73.613	-23.673	3	253	364	9
380	49.143	-59.275	8	253	353	11
381	37.508	99.189	11	108	258	20
382	55.565	89.13	17	87	208	24
383	-37.53	52.127	12	295	464	10
384	-41.782	80.566	24	80	215	15
385	-67.887	-47.081	4	261	384	6
386	-71.875	64.92	6	227	334	2
387	30.537	16.541	7	190	287	13
388	5.429	-36.924	13	433	570	4
389	-19.466	-94.773	24	70	228	9
390	94.995	37.283	2	325	443	9
391	-59.284	-51.669	9	221	367	24
392	83.677	-37.87	4	328	444	15
393	-31.282	76.958	20	137	306	10
394	-21.775	-62.707	24	395	495	3
395	-38.303	79.185	13	119	237	12
396	-65.405	-2.976	10	345	444	6
397	-42.148	-93.52	12	263	435	2
398	-45.922	64.594	19	227	324	20
399	39.221	-92.221	19	213	360	12
400	-16.407	-25.092	18	109	278	13
401	-88.039	99.59	13	158	253	3
402	44.941	-83.928	14	126	235	18
403	11.889	29.626	18	86	186	6
404	-87.778	-31.8	19	264	404	6
405	-23.326	-49.252	12	231	365	7
406	44.533	15.419	8	108	201	16
407	77.683	56.199	19	468	581	23
408	-99.186	69.319	21	456	559	11
409	70.024	-10.589	9	413	559	22
410	-10.537	-8.642	2	382	559	6
411	5.848	4.905	4	178	275	25
412	-82.654	41.072	12	238	400	24
413	-27.619	-79.653	6	480	618	5
414	70.688	27.688	9	270	423	16
415	-37.749	-28.9	9	156	284	5
416	68.157	66.833	15	228	318	3
417	-77.422	71.717	7	457	590	3
418	71.045	71.232	18	276	389	19
419	-19.769	39.49	23	408	547	5
420	-92.568	-64.347	24	141	309	1
421	22.94	-97.178	25	319	478	11
422	-96.173	8.074	16	296	442	16
423	17.682	-69.748	9	268	396	16
424	-57.768	39.715	3	348	473	5
425	-43.472	-70.011	10	294	388	17
426	76.019	-94.839	21	360	462	5
427	-63.408	-32.63	2	71	170	5
428	-27.557	30.459	3	332	502	11
429	-99.622	-10.417	9	418	519	7
430	-96.408	-90.976	8	470	574	4
431	75.591	33.895	14	73	237	10
432	-97.661	-68.98	6	230	331	14
433	78.338	95.216	2	251	361	22
434	64.916	75.631	16	282	447	1
435	-97.571	40.149	16	130	297	2
436	-41.943	75.364	19	473	596	5
437	-93.925	11.645	17	115	219	15
438	56.102	-95.681	21	98	257	15
439	16.477	-25.814	25	363	534	7
440	-42.382	76.447	7	392	556	12
441	-44.745	78.318	12	391	486	4
442	-70.17	-50.321	20	93	246	7
443	43.628	6.119	14	202	327	1
444	55.957	-58.153	19	348	512	5
445	20.394	34.159	23	373	466	13
446	-80.586	-94.243	6	107	274	12
447	-72.56	99.292	9	441	621	13
448	88.007	15.369	13	251	428	1
449	-48.437	-54.38	15	462	641	23
450	-99.368	18.267	8	262	355	13
451	28.532	-88.483	25	332	474	2
452	98.434	-83.286	18	201	319	18
453	-92.193	-55.04	2	364	469	21
454	-1.879	36.763	14	143	302	6
455	68.398	33.017	5	453	613	15
456	-59.529	76.935	22	357	475	18
457	-76.104	59.656	7	191	354	23
458	-80.412	18.087	17	104	281	18
459	30.871	-61.571	5	316	448	10
460	88.587	96.736	10	167	276	9
461	7.128	81.991	16	384	501	2
462	-90.995	-67.043	20	111	247	24
463	-4.581	57.715	18	76	199	3
464	-89.568	97.849	2	175	301	8
465	23.934	8.48	24	264	432	5
466	90.895	44.75	17	301	452	11
467	53.032	-15.794	5	311	473	14
468	-94.632	-37.316	18	436	564	7
469	83.173	0.908	5	329	508	22
470	-69.111	28.013	13	451	611	14
471	-25.602	-82.965	24	204	380	16
472	81.065	92.421	20	438	579	25
473	-60.961	57.279	24	135	279	1
474	-7.482	97.751	6	382	482	6
475	-13.912	-57.282	4	169	266	17
476	-34.426	-48.883	10	83	226	17
477	52.381	47.645	17	277	411	14
478	-38.001	3.211	14	461	571	3
479	-83.29	-97.839	3	88	197	22
480	76.956	-87.147	24	276	366	11
481	71.79	-23.471	12	256	423	11
482	-18.26	67.64	25	377	536	5
483	-45.884	82.377	24	237	352	22
484	45.182	-13.815	15	210	358	21
485	-16.579	-91.529	15	409	561	1
486	79.309	-48.181	23	394	522	19
487	-22.648	-80.734	18	211	307	11
488	48.55	-77.742	2	284	378	8
489	66.838	44.888	13	123	273	20
490	-84.768	-79.497	23	115	281	4
491	-52.882	42.124	9	189	312	14
492	91.457	8.581	16	397	555	14
493	-70.771	44.683	16	220	358	21
494	-38.296	70.884	2	376	503	2
495	78.806	77.5	16	290	389	7
496	-17.485	-94.26	15	282	428	17
497	3.023	31.798	16	242	389	2
498	16.812	-55.327	15	207	376	3
499	25.24	-84.17	18	430	565	1
500	-82.696	-57.59	12	164	261	8
501	-27.46	61.856	5	189	316	14
502	-86.587	80.24	21	182	320	14
503	-34.357	20.982	16	337	495	8
504	95.827	-61.133	24	288	451	22
505	-85.297	79.473	22	298	470	13
506	13.355	-27.539	14	379	516	7
507	-96.872	35.735	14	226	398	3
508	-62.539	45.069	15	395	507	4
509	92.63	-37.475	21	244	374	8
510	-69.398	32.868	12	434	602	2
511	43.035	78.401	22	391	526	21
512	-78.774	-97.845	12	378	522	10
513	63.122	-28.211	4	296	442	8
514	-50.127	-7.132	6	262	381	25
515	67.502	-4.767	19	466	578	4
516	87.95	68.081	2	439	576	24
517	77.513	37.872	8	329	508	10
518	-30.657	-37.889	20	172	296	12
519	-32.922	-57.05	16	407	586	5
520	-88.654	67.289	17	149	281	10
521	-70.256	81.637	5	181	278	21
522	78.346	73.703	25	95	226	5
523	-84.333	-80.772	22	93	217	12
524	-36.57	-23.585	22	276	415	8
525	-3.343	96.136	14	476	622	10
526	-27.868	27.847	17	335	489	19
527	22.987	11.002	9	119	258	13
528	-40.126	83.374	3	302	469	2
529	93.385	-75.927	17	265	395	7
530	-70.184	-69.884	8	152	286	17
531	-76.195	78.467	9	211	314	20
532	-70.312	-96.751	23	84	242	11
533	-17.638	95.431	7	406	583	15
534	-89.402	6.426	16	243	349	19
535	92.973	27.36	1	203	321	4
536	53.399	-12.485	5	255	430	6
537	-97.435	-41.61	16	427	584	18
538	-49.654	-55.233	4	232	351	10
539	-11.199	-83.05	11	198	369	22
540	-82.244	-83.4	5	468	646	4
541	-26.095	57.655	18	229	328	22
542	-49.244	93.869	12	449	566	14
543	-54.417	55.83	2	72	207	16
544	53.013	-63.241	14	119	209	18
545	51.548	90.756	15	418	539	20
546	-83.565	84.086	3	133	244	13
547	-80.13	3.963	20	113	293	11
548	-91.688	14.637	14	144	278	25
549	-55.77	18.579	7	230	348	24
550	73.503	91.074	22	262	354	13
551	72.24	56.12	16	379	470	10
552	-45.032	42.513	7	249	358	20
553	30.536	-85.699	3	275	392	6
554	65.113	87.452	15	139	274	15
555	26.49	-78.842	10	345	459	24
556	-22.337	42.121	4	228	322	14
557	84.538	-60.209	18	187	292	9
558	50.983	93.897	8	461	612	23
559	67.771	-41.162	24	111	239	20
560	-10.946	-81.136	9	262	423	23
561	88.799	4.174	6	458	608	5
562	95.111	84.526	16	426	569	21
563	-15.398	70.27	16	152	268	6
564	-72.079	-63.477	6	265	420	9
565	-7.708	63.376	23	422	595	1
566	38.759	-76.813	19	444	538	25
567	-7.31	-17.889	8	154	245	22
568	46.213	58.74	16	188	293	23
569	15.571	-24.527	15	285	427	19
570	89.007	15.6	10	155	322	7
571	8.629	6.921	20	429	564	6
572	-87.182	89.72	4	338	428	3
573	-60.518	48.371	17	127	262	13
574	-87.307	95.3	21	122	278	13
575	44.515	-15.86	16	462	553	12
576	47.418	60.176	3	265	428	2
577	40.465	-28.865	7	261	399	10
578	-25.052	57.65	8	435	597	20
579	-19.842	-88.066	5	461	636	16
580	8.498	21.597	18	395	519	25
581	-4.075	-57.002	5	315	428	4
582	-98.297	-26.045	14	224	315	20
583	-27.286	12.747	22	69	213	25
584	-30.609	-58.8	12	391	569	18
585	8.692	-91.843	18	205	347	10
586	65.178	-5.969	16	457	574	25
587	54.953	-96.962	16	322	477	15
588	-97.103	58.234	22	373	529	4
589	97.477	81.35	2	163	271	17
590	99.274	-85.273	13	288	463	9
591	-92.125	-39.229	4	79	213	4
592	-80.296	99.275	11	306	457	15
593	-4.521	89.601	22	253	358	23
594	96.536	-32.462	16	283	417	20
595	89.958	60.167	20	268	430	6
596	-21.204	34.464	17	69	209	11
597	-92.189	42.041	2	304	408	25
598	26.647	-63.615	2	459	628	10
599	40.766	99.974	11	305	469	12
600	4.379	-64.345	23	98	205	14
601	63.061	-96.523	13	102	263	11
602	98.325	25.41	1	81	242	17
603	-56.628	29.761	18	435	576	3
604	56.193	57.227	7	161	290	2
605	45.472	-99.471	10	296	460	4
606	-60.104	-51.658	5	193	355	5
607	-80.829	-63.209	8	65	211	6
608	-98.795	-32.312	9	316	458	20
609	7.254	68.995	25	126	268	24
610	18.751	60.037	15	104	257	16
611	-86.017	49.064	13	206	365	22
612	23.47	90.202	14	73	241	16
613	4.737	-5.327	14	71	172	19
614	-61.012	-46.769	6	162	263	7
615	-94.753	93.277	6	264	419	21
616	-83.249	49.102	10	221	357	12
617	-17.236	75.374	17	323	456	5
618	-36.693	7.705	1	231	391	6
619	-46.207	15.097	22	345	448	6
620	-6.468	-91.945	24	238	356	16
621	-51.296	-15.225	5	249	360	14
622	-6.889	-49.82	3	264	436	3
623	-89.393	-96.668	7	130	294	18
624	19.356	-7.406	17	103	221	13
625	-2.372	24.513	3	193	340	1
626	-11.309	-9.908	3	443	561	24
627	-74.272	1.343	20	476	614	7
628	-21.771	-28.745	19	83	217	20
629	-73.34	94.352	17	403	530	20
630	95.052	0.394	9	179	302	23
631	62.608	-60.888	6	391	516	9
632	-51.504	99.99	15	87	218	24
633	-44.223	93.128	6	454	590	21
634	47.821	-11.473	13	335	479	12
635	-64.714	29.571	24	139	236	25
636	-23.929	3.157	13	157	263	18
637	-62.563	-45.039	5	133	232	25
638	46.004	-66.752	17	72	229	11
639	84.428	38.377	13	477	585	17
640	12.02	62.104	22	392	530	2
641	-50.426	-50.313	17	352	499	24
642	-28.652	-75.214	7	404	559	4
643	-72.342	-83.697	12	394	536	21
644	-83.853	61.193	20	257	382	18
645	-11.443	77.977	1	267	435	7
646	-92.898	37.233	19	355	498	8
647	-36.878	-96.437	18	210	373	18
648	-15.449	88.184	19	305	429	23
649	-48.313	75.371	14	430	529	6
650	0.269	-25.621	25	455	627	9
651	-25.088	71.701	15	424	561	15
652	11.896	-83.981	10	301	477	23
653	25.915	64.022	2	81	215	6
654	-33.555	-28.986	10	114	281	18
655	33.041	83.359	25	74	167	10
656	-59.485	-88.316	14	187	337	4
657	90.285	-92.028	25	107	236	13
658	43.353	81.992	10	431	583	25
659	52.495	-92.793	14	63	166	11
660	19.004	57.367	8	67	227	11
661	-53.581	69.173	16	143	274	3
662	-88.217	-96.166	17	245	423	18
663	45.421	86.728	1	284	449	18
664	87.768	37.918	15	104	235	14
665	-23.6	-90.025	23	316	472	6
666	-72.567	52.39	2	414	575	3
667	-27.904	88.116	8	203	336	8
668	93.39	-99.869	16	75	255	4
669	-49.306	-8.166	20	70	235	6
670	-47.948	58.213	17	201	320	2
671	-99.678	86.905	12	117	237	8
672	81.572	-36.695	1	466	598	20
673	54.545	23.866	18	257	368	1
674	-94.315	89.361	4	171	331	4
675	94.715	1.41	6	147	246	15
676	-67.271	-38.55	10	318	490	18
677	88.41	-76.07	8	431	547	6
678	62.192	-73.395	3	307	479	18
679	-36.396	62.007	14	453	624	7
680	20.274	-61.074	1	74	213	6
681	95.206	-26.909	3	215	359	22
682	12.644	70.267	25	373	534	17
683	-18.888	72.497	9	407	509	17
684	-84.995	-79.233	11	183	338	10
685	-48.966	-88.937	9	170	279	20
686	-16.023	66.94	2	303	474	22
687	-24.162	47.72	4	187	297	9
688	-91.917	76.165	18	109	277	6
689	-27.548	-65.902	15	436	563	15
690	53.39	-62.335	14	259	384	17
691	34.508	76.878	3	321	424	13
692	-38.221	-80.407	20	185	326	15
693	95.983	18.751	22	478	636	3
694	-35.507	-51.476	23	298	410	19
695	-48.819	35.477	3	162	322	20
696	-60.245	-68.289	10	476	640	19
697	-36.753	-70.981	16	441	541	17
698	-85.12	-89.277	13	190	281	15
699	-76.728	-3.117	18	250	408	4
700	27.865	-30.569	14	360	476	6
701	-28.618	-31.981	14	201	329	3
702	81.219	18.097	11	238	414	15
703	-13.241	-85.219	17	81	246	13
704	-41.644	-96.769	22	384	561	5
705	51.088	-29.67	7	371	474	10
706	-33.43	-93.188	15	300	465	8
707	9.018	90.888	10	202	338	17
708	-71.808	56.635	25	253	347	22
709	84.16	-31.976	1	110	219	7
710	-44.312	-9.621	15	446	614	1
711	-2.506	-75.704	17	341	450	14
712	40.647	-93.25	19	136	283	19
713	-89.538	61.172	18	480	603	10
714	-86.77	47.273	15	363	525	17
715	-10.815	-39.277	16	266	445	10
716	-41.306	78.926	18	349	481	9
717	43.246	-60.635	13	241	411	17
718	39.661	-54.372	23	81	256	11
719	21.123	-79.729	14	297	462	25
720	-33.062	-37.964	2	409	533	2
721	85.331	-23.661	14	359	489	15
722	-8.265	89.701	23	235	358	15
723	-32.68	-53.706	23	297	440	20
724	-8.922	90.571	21	97	264	23
725	7.112	72.266	16	93	214	14
726	37.634	-82.97	5	117	251	25
727	55.796	-25.062	22	238	352	11
728	-84.637	18.508	9	412	554	24
729	-81.025	-77.542	22	269	428	4
730	48.153	60.186	4	374	466	15
731	-56.71	-65.612	23	370	524	3
732	-46.037	67.393	14	113	267	23
733	-72.361	-70.591	13	435	597	12
734	-90.585	-7.05	13	466	588	18
735	-73.162	79.959	8	380	502	22
736	67.217	85.366	14	313	466	18
737	-68.613	-68.349	1	474	608	10
738	-99.252	-66.352	19	177	328	6
739	-84.413	-62.967	22	135	303	4
740	-54.542	-82.485	21	443	578	15
741	-68.312	97.969	4	333	423	6
742	27.56	-32.342	18	165	273	20
743	-63.012	-96.59	7	152	307	20
744	98.758	-42.422	13	131	260	25
745	-14.48	-38.43	1	281	447	13
746	-87.251	68.357	4	89	246	9
747	-27.155	-39.51	20	125	304	20
748	93.292	-59.465	13	469	639	25
749	62.407	-3.828	17	431	590	17
750	-33.323	67.417	5	278	440	13
751	77.743	34.381	4	329	470	7
752	-1.776	82.245	24	111	228	6
753	-24.851	68.574	20	181	339	12
754	92.78	-59.985	2	140	246	25
755	80.947	-44.933	21	412	516	22
756	-35.353	38.549	21	95	246	14
757	68.909	24.96	6	269	449	21
758	86.867	-93.257	23	216	320	10
759	-12.914	-78.012	5	250	430	13
760	-77.963	-60.184	3	143	305	9
761	-77.772	47.538	23	127	245	20
762	-70.394	-55.15	19	108	205	6
763	-98.062	-45.386	22	124	255	11
764	48.307	-91.44	6	262	427	16
765	-40.905	87.054	20	276	405	12
766	84.78	-53.103	6	125	284	21
767	86.924	-73.159	2	124	233	14
768	-90.067	50.4	2	422	552	1
769	-87.469	-34.504	11	114	222	6
770	-81.117	-97.785	17	118	290	6
771	27.857	-34.072	14	142	276	24
772	86.382	54.933	13	422	534	8
773	-71.276	-6.169	21	332	453	13
774	-50.602	51.637	21	156	263	16
775	-98.207	-86.931	10	138	242	9
776	-37.713	8.607	5	422	597	18
777	76.394	82.615	21	304	473	6
778	89.911	-67.787	21	68	242	5
779	12.792	-77.573	2	126	228	24
780	32.602	79.379	24	363	522	14
781	-85.552	-74.545	22	384	502	2
782	-2.067	30.598	11	342	521	11
783	-17.588	-19.484	1	240	341	19
784	3.51	98.068	18	198	375	18
785	-87.516	11.264	10	389	546	1
786	45.812	-75.902	12	247	422	21
787	71.882	5.124	10	310	457	23
788	-31.067	58.318	8	63	226	21
789	65.082	99.021	24	205	339	7
790	-56.052	-13.811	6	254	403	15
791	-1.656	92.442	3	182	279	8
792	-29.762	-42.068	4	314	467	1
793	0.509	36.966	25	322	483	7
794	80.412	-60.601	9	467	560	21
795	-55.784	26.373	22	415	538	11
796	72.691	-52.233	22	147	282	1
797	-42.554	78.215	21	214	375	16
798	38.88	-18.445	17	191	340	4
799	85.134	19.835	6	361	479	4
800	2.279	22.286	17	469	562	15
801	-64.263	-8.569	9	135	254	2
802	21.8	4.208	13	412	520	9
803	-13.305	64.133	1	476	574	11
804	-37.673	-73.17	8	270	439	23
805	-31.692	-93.618	3	269	401	15
806	-97.364	-65.298	2	120	298	22
807	85.03	52.421	25	149	242	25
808	87.496	-55.842	18	336	438	1
809	7.713	-83.339	17	274	365	20
810	-81.234	81.319	10	440	577	25
811	63.911	-64.18	4	61	160	3
812	67.778	-33.851	19	201	362	14
813	81.622	96.369	3	187	362	20
814	-52.002	36.857	4	116	263	10
815	87.598	-44.824	24	317	426	23
816	62.311	-81.2	18	266	365	13
817	90.643	-71.205	16	293	426	4
818	74.558	-63.818	9	234	373	2
819	-73.424	29.408	9	480	650	10
820	-72.927	-66.44	9	331	444	25
821	-56.744	-12.566	23	272	368	8
822	-75.255	-62.789	19	70	181	7
823	53.461	-10.909	25	253	361	20
824	-33.693	-34.059	16	295	432	1
825	-15.166	-74.484	22	198	319	7
826	-21.55	60.799	7	272	388	20
827	86.108	-10.761	15	102	252	19
828	42.287	69.491	20	161	253	6
829	73.894	-5.03	24	435	590	18
830	-29.064	57.177	17	345	473	10
831	-69.662	-46.074	12	87	234	18
832	-57.908	-71.319	10	183	306	5
833	-88.15	-61.45	5	323	444	23
834	38.336	70.675	24	462	602	11
835	75.066	92.851	20	472	624	16
836	21.153	-29.633	5	174	275	4
837	-85.024	97.27	5	161	313	12
838	94.121	8.383	8	347	495	21
839	33.819	55.511	23	210	347	11
840	51.595	-31.665	13	260	351	22
841	80.815	-60.041	10	442	607	1
842	-23.098	75.113	4	198	345	10
843	11.211	99.571	8	290	450	17
844	-26.969	-31.036	6	228	341	3
845	-3.579	-85.478	7	218	338	6
846	-43.507	-19.078	21	452	581	23
847	55.988	-94.634	21	393	506	20
848	-48.279	-63.355	20	117	287	21
849	96.818	-7.358	1	413	565	21
850	49.487	-72.534	1	139	248	23
851	-7.135	85.259	3	335	503	20
852	-26.029	-99.228	2	441	611	3
853	86.448	-52.303	17	86	207	23
854	-51.352	3.885	2	385	522	20
855	82.034	-56.098	19	315	493	8
856	1.944	43.674	6	73	203	15
857	28.441	-95.622	22	400	502	4
858	72.136	-69.959	9	340	515	14
859	-31.831	-32.83	22	84	174	7
860	-6.037	-65.246	16	167	307	21
861	77.803	-60.946	6	219	361	14
862	98.121	-37.275	11	82	244	20
863	-87.847	-21.452	2	96	202	9
864	72.626	-79.248	14	87	233	18
865	-65.636	-45.814	14	428	540	20
866	82.311	-44.945	9	113	280	9
867	78.313	-44.396	1	440	539	7
868	82.769	-19.197	8	445	561	14
869	97.7	87.055	13	359	490	3
870	-97.863	58.727	2	137	270	8
871	57.231	53.848	5	63	161	9
872	-31.21	56.176	5	158	331	5
873	68.82	38.553	13	172	341	12
874	82.393	83.708	12	386	503	16
875	-62.522	18.833	16	346	506	22
876	80.575	-72.258	6	464	558	17
877	72.266	-23.318	15	448	573	15
878	-97.663	-0.351	12	237	380	22
879	88.798	-31.563	22	61	200	1
880	-96.661	-64.995	5	349	480	4
881	-77.636	76.591	12	152	276	3
882	0.731	-91.67	25	313	470	13
883	-49.309	-76.281	1	409	506	23
884	44.518	20.486	19	97	201	3
885	-41.869	-43.521	3	435	575	14
886	41.719	-85.799	18	169	309	14
887	-13.884	40.651	21	222	356	19
888	98.288	83.237	18	148	255	21
889	84.087	39.72	23	422	571	17
890	61.351	19.216	17	281	393	5
891	-85.173	41.155	3	394	529	5
892	-50.43	-74.077	4	156	266	23
893	-84.887	66.24	17	228	346	18
894	-54.275	-24.024	2	133	247	13
895	30.542	58.878	8	275	399	20
896	-75.788	53.154	12	370	497	20
897	-48.484	-48.387	20	184	328	16
898	-26.779	98.093	1	341	519	17
899	-35.357	66.007	16	358	533	16
900	-45.131	85.052	8	434	580	12
901	-4.317	44.19	16	164	335	7
902	86.487	29.153	2	146	319	4
903	-69.551	-36.122	13	118	276	3
904	-7.98	-84.024	9	193	283	4
905	-50.529	52.667	21	125	269	10
906	60.99	-86.828	21	97	235	24
907	-93.131	-31.614	10	232	376	18
908	22.123	-53.958	8	236	401	16
909	-0.388	39.671	20	385	509	24
910	-47.725	-45.791	17	88	184	21
911	49.93	-14.23	5	71	231	21
912	72.505	85.257	17	374	533	17
913	49.591	81.528	2	277	402	20
914	64.827	-64.104	2	453	619	17
915	89.909	-56.039	6	139	250	14
916	32.676	40.31	9	326	435	19
917	-60.52	-44.373	16	356	515	7
918	-33.656	-69.415	21	297	410	17
919	41.159	-7.667	14	67	236	21
920	58.797	-75.65	10	161	261	24
921	93.202	-1.173	12	223	344	24
922	50.051	-86.158	21	443	541	16
923	83.878	38.733	12	333	449	6
924	-41.583	-16.848	20	297	467	1
925	-47.441	90.979	16	399	527	1
926	85.905	-23.227	22	148	297	2
927	-2.708	-79.042	23	224	326	19
928	9.248	65.849	4	357	467	10
929	57.981	72.247	11	249	341	4
930	-42.117	-59.073	1	216	337	13
931	-26.294	65.731	5	220	371	5
932	54.026	-83.962	19	382	492	23
933	-24.809	96.627	10	224	399	18
934	26.372	-95.002	19	344	434	14
935	-93.393	35.366	15	475	615	4
936	-54.393	96.067	21	224	397	17
937	96.901	-20.804	24	444	571	11
938	-51.036	-16.036	19	225	336	6
939	-76.031	34.128	19	226	360	11
940	79.717	-58.109	6	387	562	1
941	42.034	-22.569	19	314	452	15
942	77.054	55.934	25	370	533	4
943	-52.777	-24.119	4	196	304	23
944	-35.36	50.715	7	224	338	16
945	98.285	87.072	22	160	319	6
946	59.37	74.806	5	405	524	8
947	-64.331	23.472	21	376	495	6
948	73.276	-12.477	13	302	450	16
949	2.274	-96.067	19	365	524	2
950	6.738	-95.435	24	315	420	8
951	5.123	97.962	18	193	285	12
952	86.534	57.866	4	94	225	6
953	-49.122	-54.459	10	270	378	1
954	60.321	88.368	1	248	418	1
955	69.229	47.683	19	63	209	1
956	35.554	-23.515	12	224	369	17
957	-42.409	54.714	20	463	620	5
958	73.351	-34.81	3	296	472	12
959	-31.881	75.675	5	223	338	25
END_SECTION
VEHICLE_BATTERY_SECTION
0
END_SECTION
VEHICLE_CAPACITY_SECTION
170
END_SECTION
BATTERY_CONSUM_RATE_SECTION
1
END_SECTION
INVERSE_REFUELING_RATE_SECTION
0.38
END_SECTION
AVERAGE_VELOCITY_SECTION
1
END_SECTION
END_FILE
