NODE_COUNT_SECTION
1202
END_SECTION
DEP_COUNT_SECTION
12
END_SECTION
DEP_SECTION
0	44.306	-25.952	0	0	1000	0
1	-32.403	14.042	0	0	1000	0
2	37.663	13.769	0	0	1000	0
3	-15.104	12.111	0	0	1000	0
4	32.413	24.218	0	0	1000	0
5	10.846	-42.185	0	0	1000	0
6	37.199	1.346	0	0	1000	0
7	-33.128	-14.172	0	0	1000	0
8	-8.716	-4.86	0	0	1000	0
9	-25.037	19.618	0	0	1000	0
10	23.605	39.795	0	0	1000	0
11	41.196	45.258	0	0	1000	0
END_SECTION
RECHARGING_STATION_COUNT_SECTION
230
END_SECTION
RECHARGING_STATION_SECTION
0	-3.088	95.289	0	0	1000	0
1	-94.731	-39.385	0	0	1000	0
2	-50.406	-87.038	0	0	1000	0
3	-83.786	-95.689	0	0	1000	0
4	-19.318	-63.71	0	0	1000	0
5	46.909	-47.326	0	0	1000	0
6	6.404	2.166	0	0	1000	0
7	68.351	29.617	0	0	1000	0
8	-93.483	15.165	0	0	1000	0
9	-53.614	40.664	0	0	1000	0
10	-97.627	-66.266	0	0	1000	0
11	-32.351	50.187	0	0	1000	0
12	24.419	-94.912	0	0	1000	0
13	-23.431	-47.637	0	0	1000	0
14	-96.918	3.861	0	0	1000	0
15	37.939	-24.948	0	0	1000	0
16	44.525	17.952	0	0	1000	0
17	26.723	-85.565	0	0	1000	0
18	-6.124	87.475	0	0	1000	0
19	16.681	-8.494	0	0	1000	0
20	58.008	37.97	0	0	1000	0
21	69.835	-31.442	0	0	1000	0
22	-19.721	-93.215	0	0	1000	0
23	32.18	57.194	0	0	1000	0
24	-56.815	76.22	0	0	1000	0
25	-39.077	-20.217	0	0	1000	0
26	-38.553	-81.428	0	0	1000	0
27	11.193	22.497	0	0	1000	0
28	-60.186	58.344	0	0	1000	0
29	24.852	-77.602	0	0	1000	0
30	-56.578	-80.957	0	0	1000	0
31	24.228	-62.569	0	0	1000	0
32	83.618	-44.901	0	0	1000	0
33	-59.371	-11.002	0	0	1000	0
34	11.509	-80.545	0	0	1000	0
35	65.029	-4.855	0	0	1000	0
36	-31.582	76.316	0	0	1000	0
37	-97.172	59.852	0	0	1000	0
38	83.103	-33.678	0	0	1000	0
39	-28.976	63.243	0	0	1000	0
40	38.074	73.177	0	0	1000	0
41	23.749	40.131	0	0	1000	0
42	89.521	27.105	0	0	1000	0
43	-37.889	-70.895	0	0	1000	0
44	85.967	51.727	0	0	1000	0
45	76.118	-62.781	0	0	1000	0
46	-95.839	72.793	0	0	1000	0
47	7.404	69.14	0	0	1000	0
48	-66.065	1.691	0	0	1000	0
49	46.704	79.869	0	0	1000	0
50	-7.058	41.781	0	0	1000	0
51	83.464	83.635	0	0	1000	0
52	19.088	61.331	0	0	1000	0
53	-29.611	86.305	0	0	1000	0
54	-84.131	81.548	0	0	1000	0
55	96.782	20.125	0	0	1000	0
56	-33.617	-1.048	0	0	1000	0
57	81.079	3.187	0	0	1000	0
58	-88.802	8.336	0	0	1000	0
59	65.242	97.805	0	0	1000	0
60	-8.941	61.115	0	0	1000	0
61	-97.819	-92.143	0	0	1000	0
62	-58.752	-24.022	0	0	1000	0
63	93.954	49.386	0	0	1000	0
64	72.09	-75.083	0	0	1000	0
65	70.606	-96.694	0	0	1000	0
66	59.586	-49.605	0	0	1000	0
67	0.599	47.433	0	0	1000	0
68	45.382	-71.56	0	0	1000	0
69	93.82	-18.275	0	0	1000	0
70	76.507	-48.084	0	0	1000	0
71	-1.957	22.487	0	0	1000	0
72	6.045	98.329	0	0	1000	0
73	46.511	3.825	0	0	1000	0
74	-85.336	46.122	0	0	1000	0
75	-28.459	-40.789	0	0	1000	0
76	-1.087	-94.096	0	0	1000	0
77	-36.299	-29.554	0	0	1000	0
78	-21.397	97.316	0	0	1000	0
79	-11.578	-80.715	0	0	1000	0
80	-60.238	34.928	0	0	1000	0
81	31.478	82.123	0	0	1000	0
82	51.507	-12.384	0	0	1000	0
83	-29.104	-94.635	0	0	1000	0
84	-94.314	-7.611	0	0	1000	0
85	-14.39	77.669	0	0	1000	0
86	-70.216	42.579	0	0	1000	0
87	-28.498	57.395	0	0	1000	0
88	-90.663	-62.447	0	0	1000	0
89	-15.681	-87.554	0	0	1000	0
90	-46.856	-42.448	0	0	1000	0
91	-72.717	81.008	0	0	1000	0
92	-47.066	36.986	0	0	1000	0
93	62.928	-65.019	0	0	1000	0
94	0.661	-24.668	0	0	1000	0
95	77.918	93.586	0	0	1000	0
96	-51.046	86.213	0	0	1000	0
97	-51.167	1.663	0	0	1000	0
98	86.368	57.477	0	0	1000	0
99	95.885	-93.005	0	0	1000	0
100	53.227	-30.99	0	0	1000	0
101	94.426	87.409	0	0	1000	0
102	-83.983	-80.249	0	0	1000	0
103	69.555	5.203	0	0	1000	0
104	-59.562	47.79	0	0	1000	0
105	24.735	21.476	0	0	1000	0
106	29.026	74.353	0	0	1000	0
107	-28.015	-61.846	0	0	1000	0
108	-74.444	-62.358	0	0	1000	0
109	94.946	-1.682	0	0	1000	0
110	84.668	-22.029	0	0	1000	0
111	-70.526	-55.887	0	0	1000	0
112	78.176	-70.846	0	0	1000	0
113	74.547	82.1	0	0	1000	0
114	-14.449	42.026	0	0	1000	0
115	-12.033	-72.621	0	0	1000	0
116	72.398	-9.366	0	0	1000	0
117	75.518	56.293	0	0	1000	0
118	83.28	-57.039	0	0	1000	0
119	-74.364	66.301	0	0	1000	0
120	47.261	59.7	0	0	1000	0
121	94.464	-60.805	0	0	1000	0
122	-95.925	-50.569	0	0	1000	0
123	-47.915	-8.307	0	0	1000	0
124	-50.646	95.226	0	0	1000	0
125	2.373	-19.378	0	0	1000	0
126	21.364	9.422	0	0	1000	0
127	0.725	34.698	0	0	1000	0
128	22.17	-15.852	0	0	1000	0
129	62.24	85.466	0	0	1000	0
130	69.527	-39.78	0	0	1000	0
131	61.055	75.89	0	0	1000	0
132	-17.44	68.658	0	0	1000	0
133	-47.622	58.878	0	0	1000	0
134	55.268	52.906	0	0	1000	0
135	-31.113	24.414	0	0	1000	0
136	50.225	-82.378	0	0	1000	0
137	-97.373	91.412	0	0	1000	0
138	-73.38	54.392	0	0	1000	0
139	-62.911	-44.937	0	0	1000	0
140	-77.439	-17.584	0	0	1000	0
141	-83.142	-65.544	0	0	1000	0
142	-74.679	-5.122	0	0	1000	0
143	68.667	44.15	0	0	1000	0
144	-30.805	-34.294	0	0	1000	0
145	15.529	-28.854	0	0	1000	0
146	-19.128	56.567	0	0	1000	0
147	53.872	-94.801	0	0	1000	0
148	-70.56	-92.922	0	0	1000	0
149	88.342	10.496	0	0	1000	0
150	79.336	18.364	0	0	1000	0
151	-75.027	-27.025	0	0	1000	0
152	71.735	72.263	0	0	1000	0
153	38.66	99.376	0	0	1000	0
154	52.875	-60.751	0	0	1000	0
155	-59.694	-51.664	0	0	1000	0
156	-8.247	-38.095	0	0	1000	0
157	89.45	-75.745	0	0	1000	0
158	-9.719	-12.147	0	0	1000	0
159	84.262	-11.723	0	0	1000	0
160	7.838	-66.299	0	0	1000	0
161	-2.931	-80.075	0	0	1000	0
162	44.753	-84.68	0	0	1000	0
163	72.957	-21.273	0	0	1000	0
164	8.534	51.887	0	0	1000	0
165	-72.322	-68.891	0	0	1000	0
166	-78.17	-42.52	0	0	1000	0
167	81.674	61.472	0	0	1000	0
168	-85.382	-38.137	0	0	1000	0
169	-82.936	-57.197	0	0	1000	0
170	-68.91	-46.765	0	0	1000	0
171	-20.494	37.312	0	0	1000	0
172	-52.001	-46.371	0	0	1000	0
173	35.932	-59.758	0	0	1000	0
174	-85.643	97.042	0	0	1000	0
175	-70.713	30.01	0	0	1000	0
176	-39.745	-94.309	0	0	1000	0
177	57.912	17.912	0	0	1000	0
178	11.156	87.774	0	0	1000	0
179	86.673	-65.776	0	0	1000	0
180	-69.178	94.262	0	0	1000	0
181	-47.915	-57.797	0	0	1000	0
182	-19.276	-33.171	0	0	1000	0
183	-43.38	78.275	0	0	1000	0
184	-29.899	-76.327	0	0	1000	0
185	7.823	-95.628	0	0	1000	0
186	-85.315	64.999	0	0	1000	0
187	-18.629	87.369	0	0	1000	0
188	-30.643	36.457	0	0	1000	0
189	-16.263	-58.117	0	0	1000	0
190	-58.872	-71.231	0	0	1000	0
191	80.19	36.062	0	0	1000	0
192	-3.725	-68.275	0	0	1000	0
193	-36.313	12.995	0	0	1000	0
194	41.652	-94.685	0	0	1000	0
195	42.859	-16.04	0	0	1000	0
196	-48.308	12.509	0	0	1000	0
197	35.805	-8.03	0	0	1000	0
198	-96.886	-30.998	0	0	1000	0
199	-81.74	19.185	0	0	1000	0
200	-85.16	-25.627	0	0	1000	0
201	-50.781	-72.604	0	0	1000	0
202	-44.18	-21.558	0	0	1000	0
203	48.836	90.904	0	0	1000	0
204	58.118	71.268	0	0	1000	0
205	37.747	-79.55	0	0	1000	0
206	-33.384	-52.894	0	0	1000	0
207	-60.382	20.771	0	0	1000	0
208	-41.705	93.204	0	0	1000	0
209	-35.843	66.578	0	0	1000	0
210	17.994	-69.492	0	0	1000	0
211	90.645	35.703	0	0	1000	0
212	-16.393	-20.123	0	0	1000	0
213	-67.902	-36.208	0	0	1000	0
214	-51.041	-13.361	0	0	1000	0
215	-71.481	16.404	0	0	1000	0
216	90.747	-87.716	0	0	1000	0
217	29.512	-33.027	0	0	1000	0
218	96.511	-37.409	0	0	1000	0
219	19.133	-54.037	0	0	1000	0
220	-3.897	-53.269	0	0	1000	0
221	-95.283	38.032	0	0	1000	0
222	-25.665	-82.435	0	0	1000	0
223	77.417	-88.462	0	0	1000	0
224	21.41	86.912	0	0	1000	0
225	61.381	-79.851	0	0	1000	0
226	91.859	69.257	0	0	1000	0
227	-57.807	-89.739	0	0	1000	0
228	-24.346	71.796	0	0	1000	0
229	-77.201	2.653	0	0	1000	0
END_SECTION
CLIENT_COUNT_SECTION
960
END_SECTION
CLIENT_SECTION
0	61.698	-53.092	13	79	330	13
1	-63.955	-22.283	23	61	291	20
2	75.778	-69.433	11	195	531	12
3	22.586	-83.907	1	264	500	17
4	-86.788	-27.145	6	270	588	25
5	-81.831	-39.166	16	179	461	5
6	19.863	24.925	25	119	458	23
7	-63.5	16.599	5	129	339	6
8	96.287	-67.422	15	119	475	20
9	46.465	82.227	8	102	327	23
10	94.992	-93.873	4	298	551	1
11	70.484	83.028	23	241	553	12
12	8.301	-97.197	24	285	511	21
13	84.535	83.563	19	293	508	7
14	-31.382	-53.353	18	134	447	14
15	-76.44	-30.377	3	281	520	14
16	98.978	24.314	10	113	326	3
17	72.157	-61.097	5	147	413	5
18	-52.145	-54.455	19	71	290	2
19	-82.192	-24.92	21	61	367	17
20	-34.223	-7.639	24	200	483	11
21	12.413	49.052	4	156	361	22
22	65.409	32.804	5	104	380	11
23	-49.305	-60.586	7	163	369	3
24	-89.514	-7.337	6	227	577	8
25	79.734	34.981	21	261	532	3
26	-92.319	13.061	24	98	322	23
27	-22	55.634	4	177	390	9
28	57.728	78.306	21	266	455	17
29	-91.824	-57.099	25	198	401	20
30	-17.173	-57.77	20	155	387	3
31	98.536	74.341	7	109	431	21
32	80.134	-34.37	4	220	414	3
33	-81.105	63.758	2	217	446	2
34	72.739	-98.718	25	128	312	11
35	-96.412	72.897	2	150	356	9
36	19.351	83.622	11	212	551	8
37	-95.833	32.825	12	205	476	23
38	32.024	-65.238	14	100	457	23
39	-59.011	49.719	20	276	558	2
40	-21.061	-62.843	1	108	389	7
41	-51.674	-88.581	9	86	416	19
42	24.641	-77.076	22	296	612	10
43	-83.013	88.023	21	144	402	14
44	50.435	-81.865	5	256	550	9
45	-49.351	11.697	5	110	387	23
46	-64.821	-42.687	24	298	510	6
47	78.986	5.467	2	210	502	17
48	49.127	95.298	21	161	346	11
49	12.855	-5.226	20	189	474	10
50	-18.273	68.258	7	107	327	8
51	0.272	-24.782	17	147	392	1
52	92.088	-82.543	25	234	538	12
53	92.321	-12.63	24	274	589	25
54	87.652	-81.329	2	108	453	6
55	94.671	-55.65	17	73	351	6
56	-73.793	62.268	11	265	572	18
57	77.979	-47.487	11	166	348	16
58	-50.435	-72.255	6	218	420	7
59	-88.727	11.618	8	63	259	3
60	-98.309	-98.872	17	103	458	15
61	-80.669	14.506	18	133	331	9
62	-40.123	-34.209	21	180	380	18
63	18.178	45.924	3	119	403	18
64	-33.767	-26.121	23	64	387	23
65	-0.83	24.55	5	262	524	13
66	71.51	-76.041	13	297	485	9
67	-93.487	-8.037	25	103	388	4
68	-62.462	36.497	14	166	519	22
69	33.705	-24.84	16	234	443	7
70	-97.518	-51.281	11	196	396	22
71	-77.523	-69.189	16	210	471	5
72	-66.109	-92.951	24	70	331	13
73	29.145	75.018	25	287	608	4
74	-43.613	98.877	2	136	495	8
75	-13.693	-77.74	6	175	448	25
76	-29.092	-73.952	2	136	477	12
77	-59.931	79.215	3	143	402	20
78	63.509	81.027	20	63	317	19
79	89.689	-76.777	21	61	418	3
80	25.765	-63.018	17	226	486	20
81	87.684	72.051	6	249	559	2
82	60.187	-44.204	16	257	484	13
83	-23.442	91.116	16	269	495	4
84	40.372	89.616	7	94	281	5
85	-75.122	-17.393	6	61	298	7
86	73.83	75.837	5	242	542	13
87	-74.374	86.281	23	259	516	19
88	-37.843	-84.149	15	234	590	24
89	19.354	-7.134	15	167	422	5
90	50.717	81.312	11	91	357	19
91	-73.54	-59.72	15	231	438	14
92	-28.217	-93.019	1	203	456	10
93	-19.089	57.813	22	92	397	23
94	19.923	-91.844	11	131	431	23
95	47.511	-84.832	18	69	410	14
96	-16.981	69.551	4	244	484	2
97	-18.664	33.174	16	193	402	5
98	-67.235	91.064	10	214	437	10
99	28.908	73.689	13	238	435	19
100	44.676	-84.053	21	80	359	3
101	8.477	-9.628	14	265	524	20
102	-60.378	-13.467	6	173	434	12
103	-23.535	-46.021	1	89	290	18
104	16.938	-65.821	12	261	560	18
105	83.435	-63.765	13	234	574	12
106	-60.326	-81.289	7	244	539	19
107	-51.889	-69.908	3	116	419	10
108	-15.767	-87.689	6	264	538	20
109	97.014	54.023	1	299	649	19
110	65.406	-79.043	1	137	330	12
111	-43.499	74.997	19	167	371	16
112	60.211	86.287	20	166	439	19
113	-0.885	-96.702	20	223	569	9
114	37.168	75.667	10	121	352	22
115	-15.723	-86.624	25	77	371	25
116	-11.834	23.295	5	290	517	17
117	-55.227	-43.313	9	278	612	10
118	-47.345	32.97	4	294	617	7
119	-69.543	2.916	4	173	422	24
120	-29.019	40.365	22	234	527	19
121	-2.71	93.995	17	202	491	22
122	-43.454	90.189	20	181	493	5
123	88.091	11.886	20	195	510	15
124	7.563	-98.034	5	105	370	15
125	-54.865	-79.097	11	287	611	23
126	-77.274	-43.105	23	62	312	2
127	-84.757	81.79	18	258	468	22
128	-2.629	-67.495	17	102	405	5
129	50.528	78.183	18	155	495	3
130	37.707	98.965	20	116	386	23
131	-95.286	62.158	2	159	470	3
132	-59.416	-6.597	14	242	433	3
133	13.186	91.277	13	152	463	23
134	-18.092	-60.229	18	129	390	1
135	75.747	12.289	2	68	341	11
136	-84.96	-86.749	17	223	514	4
137	-40.311	-76.732	15	177	399	23
138	97.655	61.4	6	120	343	6
139	-58.494	-74.726	5	81	364	18
140	57.07	84.299	14	246	436	9
141	-76.258	-98.432	11	205	419	13
142	-19.787	-16.937	15	268	574	12
143	-56.943	-91.321	7	99	400	10
144	61.143	-50.147	16	211	423	21
145	41.27	-93.797	5	178	407	24
146	0.765	68.327	21	246	426	3
147	22.652	-12.459	9	270	561	12
148	-49.373	-11.169	22	286	475	11
149	82.417	-12.685	11	286	573	16
150	-44.852	-24.038	23	123	401	8
151	-23.094	-82.944	14	163	348	13
152	-96.489	-68.407	22	205	393	1
153	-0.725	-52.985	24	248	456	1
154	77.578	22.849	6	208	557	20
155	-65.714	0.841	10	184	368	24
156	-53.707	-43.512	13	63	363	18
157	-15.875	-57.184	5	140	388	22
158	-51.839	-70.497	18	160	506	2
159	-98.22	42.876	23	173	364	9
160	-89.776	-62.296	23	230	551	18
161	-81.043	-26.338	4	270	482	4
162	-49.509	-87.155	18	190	547	19
163	-12.5	42.259	6	156	373	16
164	85.553	10.064	14	108	413	10
165	-16.781	-37.596	14	297	531	9
166	-39.146	93.141	16	178	363	1
167	-67.551	-35.844	3	166	409	4
168	28.793	83.633	4	203	389	12
169	-51.802	43.962	8	127	461	19
170	19.754	63.128	1	61	253	16
171	5.154	32.394	7	142	495	20
172	-67.541	90.141	6	127	312	6
173	-76.329	-17.343	13	253	507	25
174	88.549	28.026	22	147	473	7
175	11.451	-67.094	18	98	435	21
176	67.156	-39.168	9	148	507	18
177	74.817	-17.028	2	134	444	24
178	-94.906	-31.706	8	286	588	15
179	69.783	45.476	5	268	477	7
180	-99.324	90.437	10	248	604	23
181	2.646	-18.594	25	232	438	17
182	-98.794	97.084	2	172	485	5
183	-8.744	35.989	12	196	462	10
184	-70.657	-56.623	25	164	432	6
185	-8.899	-70.758	23	143	489	22
186	90.593	91.792	20	137	490	24
187	-69.661	40.475	19	163	463	17
188	35.422	-75.577	15	279	613	23
189	-13.872	52.023	21	231	491	9
190	-80.864	-18.014	16	222	574	6
191	-49.906	62.928	11	210	539	23
192	44.92	-84.784	21	264	539	25
193	-79.066	-41.935	16	296	627	14
194	44.448	-72.234	17	207	552	24
195	-67.918	-43.582	3	203	535	4
196	87.472	70.413	11	268	501	4
197	35.435	-5.409	24	135	415	16
198	78.102	-87.657	24	129	486	9
199	-69.842	-91.787	4	99	297	14
200	86.062	-87.463	13	290	520	2
201	-12.736	-80.323	21	199	417	5
202	-49.366	10.733	14	234	441	15
203	4.337	97.717	1	117	455	13
204	62.209	74.82	10	178	534	20
205	-37.401	95.287	21	220	551	19
206	-31.234	84.347	3	147	364	17
207	75.098	56.919	17	250	455	23
208	-40.335	18.837	6	189	477	18
209	77.002	18.75	1	211	460	4
210	-10.169	59.236	25	126	426	23
211	98.485	-65.939	21	197	422	20
212	-52.459	-11.012	8	226	486	11
213	-21.474	-95.484	23	161	420	23
214	15.295	86.941	17	224	583	5
215	19.363	-72.907	22	240	441	16
216	-30.405	63.795	12	131	426	25
217	58.593	-82.985	18	190	454	19
218	-67.986	16.297	15	88	291	4
219	-31.951	-79.813	5	112	351	12
220	-86.817	97.642	3	192	396	23
221	16.247	-10.061	21	188	533	23
222	-57.99	81.81	15	95	326	4
223	-78.809	40.467	18	270	574	11
224	-86.391	-68.107	13	166	448	18
225	13.192	16.269	21	263	556	11
226	-91.165	48.88	4	127	403	25
227	-15.488	-64.646	18	92	375	17
228	-18.252	65.455	4	150	452	20
229	-67.752	1.392	23	141	374	22
230	-85.39	64.069	13	230	432	2
231	-68.14	79.243	1	118	423	17
232	43.244	75.441	22	68	294	17
233	-53.04	73.969	11	87	401	4
234	34.769	-35.124	17	285	465	6
235	80.289	59.159	8	162	464	4
236	-63.871	63.521	8	77	348	7
237	89.372	87.509	22	173	427	18
238	-0.248	96.123	7	265	483	4
239	55.39	-97.293	3	271	599	20
240	-44.258	-60.83	12	282	512	14
241	41.174	-80.199	23	168	525	6
242	-81.241	25.64	9	214	452	18
243	-89.674	7.85	11	288	549	1
244	-91.676	46.272	2	231	563	3
245	-73.38	-65.62	12	68	376	17
246	-25.887	-60.834	7	286	636	23
247	-76.044	-90.242	1	241	581	4
248	65.403	96.59	8	99	349	9
249	-14.491	79.658	12	159	400	4
250	30.821	-11.012	22	127	344	11
251	79.954	-65.261	8	224	414	8
252	-80.909	99.697	12	71	416	17
253	-61.495	56.748	8	65	395	8
254	91.835	32.607	5	211	480	6
255	-52.159	-46.33	6	62	294	6
256	13.637	-77.285	7	215	444	3
257	33.86	-56.973	25	219	498	23
258	-91.274	15.887	23	139	426	12
259	3.389	46.365	8	295	552	25
260	-56.96	87.374	10	246	433	3
261	69.748	5.51	17	186	479	4
262	80.282	-29.594	13	109	366	13
263	22.879	-8.667	6	133	433	10
264	-98.36	-5.213	24	263	606	3
265	-92.319	17.497	23	236	533	16
266	-64.001	-25.659	13	184	532	11
267	5.152	53.556	4	178	423	23
268	24.457	-81.058	13	108	290	20
269	87.985	35.007	8	160	421	14
270	75.092	-28.896	17	259	469	14
271	-49.666	-43.556	25	137	323	4
272	-31.422	84.764	20	231	446	18
273	20.193	-14.287	4	268	597	20
274	-89.661	85.251	21	68	343	22
275	93.359	17.904	3	84	337	24
276	57.392	39.208	17	215	476	16
277	-71.557	-36.715	24	116	447	10
278	-14.524	89.167	15	66	250	20
279	8.039	53.054	25	201	473	1
280	-98.054	-62.054	5	222	474	25
281	-18.945	-64.643	16	143	471	15
282	-54.479	-87.044	17	134	425	9
283	-26.151	-94.12	16	284	543	8
284	41.159	-70.376	25	164	458	15
285	-8.113	45.164	7	181	483	18
286	5.719	-69.297	14	214	434	1
287	16.737	13.999	4	134	400	18
288	-68.07	-37.383	22	249	475	14
289	90.854	-12.755	14	189	424	17
290	82.599	56.945	24	204	437	8
291	-73.608	53.311	8	178	482	2
292	86.904	51.033	2	202	431	12
293	-38.314	-2.919	20	272	464	4
294	-31.951	90.2	6	182	511	18
295	-66.08	92.757	5	161	361	19
296	-61	-76.207	6	236	453	7
297	-70.4	51.207	15	153	391	21
298	-45.384	-37.226	24	162	405	13
299	0.891	14.371	4	189	520	9
300	-50.982	-0.558	25	68	287	12
301	-86.846	-40.739	7	152	408	12
302	-56.905	-90.4	4	84	295	4
303	-98.436	60.291	13	95	317	6
304	16.876	-25.749	3	215	460	2
305	-76.032	-6.08	5	105	429	2
306	58.256	70.29	10	269	536	24
307	-43.192	94.758	25	106	371	15
308	-80.935	-67.892	13	174	463	14
309	48.066	-82.159	19	96	326	20
310	23.805	22.964	25	96	446	9
311	-25.54	84.101	22	121	378	13
312	90.076	23.883	17	142	487	17
313	-49.712	76.162	24	82	369	12
314	-74.976	16.511	12	269	586	18
315	9.806	-64.46	7	70	415	19
316	-39.537	17.082	9	217	458	12
317	-0.326	21.885	22	164	405	1
318	55.316	-50.975	13	196	446	18
319	54.429	-37.561	17	231	555	21
320	-73.911	29.639	24	224	548	6
321	35.748	-82.187	15	139	366	21
322	58.624	36.732	13	273	507	20
323	-97.904	-67.77	14	66	255	22
324	82.049	11.889	1	205	438	11
325	27.552	-71.304	22	69	423	9
326	-68.397	26.445	14	174	526	15
327	-1.506	26.509	6	90	279	12
328	18.466	-52.826	23	244	540	9
329	-17.836	83.8	6	178	436	2
330	78.547	30.537	14	84	334	11
331	-81.505	79.09	13	158	466	10
332	-81.554	74.666	25	149	490	25
333	-47.398	-83.47	25	296	476	23
334	-2.507	-72.084	13	262	495	13
335	-16.36	99.113	9	248	600	10
336	-49.633	-42.145	22	181	444	22
337	77.193	-90.581	24	178	516	7
338	-37.834	-84.422	24	106	380	6
339	74.247	-48.119	1	202	504	22
340	16.36	-18.325	25	220	505	12
341	73.656	-39.008	6	162	375	18
342	-21.892	84.581	16	132	392	8
343	-11.789	-18.976	10	175	383	17
344	-16.962	43.168	19	74	265	4
345	-83.289	-56.239	17	278	557	16
346	67.037	4.975	3	271	499	20
347	-29.358	-85.877	13	151	416	2
348	-57.893	-88.917	7	300	493	22
349	-88.691	4.523	21	237	448	4
350	49.394	1.532	2	262	556	20
351	1.442	-23.599	22	103	365	14
352	19.846	-31.792	9	214	484	5
353	-81.837	67.918	2	127	462	7
354	57.841	10.655	14	289	553	22
355	-61.91	6.282	14	212	498	11
356	0.556	-36.577	23	110	449	22
357	-61.624	38.528	3	195	422	19
358	-38.309	-90.507	8	296	564	8
359	-98.35	-91.793	20	169	349	2
360	17.601	-11.336	15	142	332	5
361	87.995	8.526	8	245	436	15
362	-82.823	-57.76	5	276	512	24
363	43.5	-44.233	21	180	432	12
364	-85.31	-22.107	25	238	554	19
365	-99.301	-33.313	7	145	346	4
366	-3.536	52.261	7	81	292	22
367	-31.742	61.593	12	256	580	13
368	-69.25	84.881	19	267	572	20
369	2.1	-20.161	20	105	297	19
370	97.266	14.248	7	205	536	18
371	-13.831	-90.172	13	230	541	5
372	60.366	-70.903	17	287	559	16
373	51.401	-9.408	9	183	528	21
374	83.059	63.785	25	64	284	25
375	50.318	-50.419	9	249	467	1
376	67.298	73.711	17	235	455	25
377	29.476	-18.334	1	205	509	25
378	-56.177	48.002	5	155	425	11
379	-73.613	-23.673	3	67	338	9
380	49.143	-59.275	8	281	575	11
381	37.508	99.189	11	196	385	20
382	55.565	89.13	17	189	467	24
383	-37.53	52.127	12	105	287	10
384	-41.782	80.566	24	249	601	15
385	-67.887	-47.081	4	292	559	6
386	-71.875	64.92	6	232	502	2
387	30.537	16.541	7	250	455	13
388	5.429	-36.924	13	128	313	4
389	-19.466	-94.773	24	265	452	9
390	94.995	37.283	2	239	544	9
391	-59.284	-51.669	9	259	481	24
392	83.677	-37.87	4	135	324	15
393	-31.282	76.958	20	269	483	10
394	-21.775	-62.707	24	208	528	3
395	-38.303	79.185	13	92	439	12
396	-65.405	-2.976	10	191	385	6
397	-42.148	-93.52	12	229	459	2
398	-45.922	64.594	19	82	431	20
399	39.221	-92.221	19	254	501	12
400	-16.407	-25.092	18	86	331	13
401	-88.039	99.59	13	160	372	3
402	44.941	-83.928	14	132	356	18
403	11.889	29.626	18	111	383	6
404	-87.778	-31.8	19	286	642	6
405	-23.326	-49.252	12	103	288	7
406	44.533	15.419	8	79	275	16
407	77.683	56.199	19	297	644	23
408	-99.186	69.319	21	181	447	11
409	70.024	-10.589	9	97	374	22
410	-10.537	-8.642	2	206	410	6
411	5.848	4.905	4	108	434	25
412	-82.654	41.072	12	259	439	24
413	-27.619	-79.653	6	266	494	5
414	70.688	27.688	9	234	453	16
415	-37.749	-28.9	9	203	545	5
416	68.157	66.833	15	77	317	3
417	-77.422	71.717	7	273	520	3
418	71.045	71.232	18	259	456	19
419	-19.769	39.49	23	146	490	5
420	-92.568	-64.347	24	84	358	1
421	22.94	-97.178	25	123	392	11
422	-96.173	8.074	16	219	532	16
423	17.682	-69.748	9	196	551	16
424	-57.768	39.715	3	165	503	5
425	-43.472	-70.011	10	106	353	17
426	76.019	-94.839	21	91	450	5
427	-63.408	-32.63	2	275	497	5
428	-27.557	30.459	3	297	560	11
429	-99.622	-10.417	9	161	505	7
430	-96.408	-90.976	8	164	514	4
431	75.591	33.895	14	125	417	10
432	-97.661	-68.98	6	210	503	14
433	78.338	95.216	2	233	565	22
434	64.916	75.631	16	154	425	1
435	-97.571	40.149	16	253	483	2
436	-41.943	75.364	19	225	484	5
437	-93.925	11.645	17	297	640	15
438	56.102	-95.681	21	192	544	15
439	16.477	-25.814	25	162	435	7
440	-42.382	76.447	7	145	480	12
441	-44.745	78.318	12	241	504	4
442	-70.17	-50.321	20	88	320	7
443	43.628	6.119	14	100	310	1
444	55.957	-58.153	19	195	410	5
445	20.394	34.159	23	240	455	13
446	-80.586	-94.243	6	226	445	12
447	-72.56	99.292	9	138	334	13
448	88.007	15.369	13	113	384	1
449	-48.437	-54.38	15	257	593	23
450	-99.368	18.267	8	202	425	13
451	28.532	-88.483	25	237	476	2
452	98.434	-83.286	18	119	305	18
453	-92.193	-55.04	2	257	588	21
454	-1.879	36.763	14	241	525	6
455	68.398	33.017	5	270	507	15
456	-59.529	76.935	22	82	366	18
457	-76.104	59.656	7	63	359	23
458	-80.412	18.087	17	158	407	18
459	30.871	-61.571	5	71	271	10
460	88.587	96.736	10	288	566	9
461	7.128	81.991	16	111	373	2
462	-90.995	-67.043	20	154	357	24
463	-4.581	57.715	18	74	304	3
464	-89.568	97.849	2	91	446	8
465	23.934	8.48	24	275	497	5
466	90.895	44.75	17	73	314	11
467	53.032	-15.794	5	158	394	14
468	-94.632	-37.316	18	191	445	7
469	83.173	0.908	5	234	535	22
470	-69.111	28.013	13	238	533	14
471	-25.602	-82.965	24	218	470	16
472	81.065	92.421	20	280	517	25
473	-60.961	57.279	24	116	296	1
474	-7.482	97.751	6	184	496	6
475	-13.912	-57.282	4	104	351	17
476	-34.426	-48.883	10	92	372	17
477	52.381	47.645	17	230	434	14
478	-38.001	3.211	14	269	534	3
479	-83.29	-97.839	3	188	410	22
480	76.956	-87.147	24	288	582	11
481	71.79	-23.471	12	90	288	11
482	-18.26	67.64	25	90	327	5
483	-45.884	82.377	24	118	379	22
484	45.182	-13.815	15	91	405	21
485	-16.579	-91.529	15	166	508	1
486	79.309	-48.181	23	242	570	19
487	-22.648	-80.734	18	233	576	11
488	48.55	-77.742	2	259	526	8
489	66.838	44.888	13	126	382	20
490	-84.768	-79.497	23	144	503	4
491	-52.882	42.124	9	291	495	14
492	91.457	8.581	16	252	457	14
493	-70.771	44.683	16	210	493	21
494	-38.296	70.884	2	75	278	2
495	78.806	77.5	16	239	523	7
496	-17.485	-94.26	15	65	271	17
497	3.023	31.798	16	217	524	2
498	16.812	-55.327	15	230	417	3
499	25.24	-84.17	18	232	457	1
500	-82.696	-57.59	12	67	343	8
501	-27.46	61.856	5	109	444	14
502	-86.587	80.24	21	100	293	14
503	-34.357	20.982	16	79	349	8
504	95.827	-61.133	24	179	524	22
505	-85.297	79.473	22	109	352	13
506	13.355	-27.539	14	114	355	7
507	-96.872	35.735	14	237	423	3
508	-62.539	45.069	15	266	451	4
509	92.63	-37.475	21	141	481	8
510	-69.398	32.868	12	224	556	2
511	43.035	78.401	22	183	428	21
512	-78.774	-97.845	12	64	294	10
513	63.122	-28.211	4	171	361	8
514	-50.127	-7.132	6	252	569	25
515	67.502	-4.767	19	112	381	4
516	87.95	68.081	2	111	360	24
517	77.513	37.872	8	114	463	10
518	-30.657	-37.889	20	93	335	12
519	-32.922	-57.05	16	85	287	5
520	-88.654	67.289	17	110	336	10
521	-70.256	81.637	5	134	464	21
522	78.346	73.703	25	193	528	5
523	-84.333	-80.772	22	268	511	12
524	-36.57	-23.585	22	74	401	8
525	-3.343	96.136	14	126	464	10
526	-27.868	27.847	17	126	456	19
527	22.987	11.002	9	169	482	13
528	-40.126	83.374	3	134	468	2
529	93.385	-75.927	17	202	558	7
530	-70.184	-69.884	8	144	471	17
531	-76.195	78.467	9	95	361	20
532	-70.312	-96.751	23	284	503	11
533	-17.638	95.431	7	266	465	15
534	-89.402	6.426	16	205	555	19
535	92.973	27.36	1	127	344	4
536	53.399	-12.485	5	141	444	6
537	-97.435	-41.61	16	98	413	18
538	-49.654	-55.233	4	88	273	10
539	-11.199	-83.05	11	214	437	22
540	-82.244	-83.4	5	224	509	4
541	-26.095	57.655	18	104	373	22
542	-49.244	93.869	12	115	356	14
543	-54.417	55.83	2	256	611	16
544	53.013	-63.241	14	218	569	18
545	51.548	90.756	15	172	390	20
546	-83.565	84.086	3	129	439	13
547	-80.13	3.963	20	244	561	11
548	-91.688	14.637	14	278	550	25
549	-55.77	18.579	7	189	437	24
550	73.503	91.074	22	240	514	13
551	72.24	56.12	16	226	443	10
552	-45.032	42.513	7	272	528	20
553	30.536	-85.699	3	141	342	6
554	65.113	87.452	15	208	423	15
555	26.49	-78.842	10	191	495	24
556	-22.337	42.121	4	270	498	14
557	84.538	-60.209	18	76	406	9
558	50.983	93.897	8	198	497	23
559	67.771	-41.162	24	83	398	20
560	-10.946	-81.136	9	116	369	23
561	88.799	4.174	6	66	276	5
562	95.111	84.526	16	227	428	21
563	-15.398	70.27	16	265	521	6
564	-72.079	-63.477	6	205	445	9
565	-7.708	63.376	23	285	487	1
566	38.759	-76.813	19	171	497	25
567	-7.31	-17.889	8	140	482	22
568	46.213	58.74	16	278	592	23
569	15.571	-24.527	15	263	487	19
570	89.007	15.6	10	220	548	7
571	8.629	6.921	20	96	433	6
572	-87.182	89.72	4	173	416	3
573	-60.518	48.371	17	179	405	13
574	-87.307	95.3	21	139	494	13
575	44.515	-15.86	16	192	528	12
576	47.418	60.176	3	134	329	2
577	40.465	-28.865	7	117	331	10
578	-25.052	57.65	8	129	334	20
579	-19.842	-88.066	5	107	287	16
580	8.498	21.597	18	214	518	25
581	-4.075	-57.002	5	99	325	4
582	-98.297	-26.045	14	220	573	20
583	-27.286	12.747	22	119	478	25
584	-30.609	-58.8	12	163	368	18
585	8.692	-91.843	18	141	369	10
586	65.178	-5.969	16	289	498	25
587	54.953	-96.962	16	246	596	15
588	-97.103	58.234	22	98	368	4
589	97.477	81.35	2	76	426	17
590	99.274	-85.273	13	78	316	9
591	-92.125	-39.229	4	188	447	4
592	-80.296	99.275	11	181	541	15
593	-4.521	89.601	22	266	616	23
594	96.536	-32.462	16	83	285	20
595	89.958	60.167	20	144	433	6
596	-21.204	34.464	17	113	431	11
597	-92.189	42.041	2	239	487	25
598	26.647	-63.615	2	95	379	10
599	40.766	99.974	11	73	336	12
600	4.379	-64.345	23	146	500	14
601	63.061	-96.523	13	152	432	11
602	98.325	25.41	1	258	534	17
603	-56.628	29.761	18	81	396	3
604	56.193	57.227	7	296	593	2
605	45.472	-99.471	10	184	373	4
606	-60.104	-51.658	5	206	548	5
607	-80.829	-63.209	8	254	610	6
608	-98.795	-32.312	9	247	518	20
609	7.254	68.995	25	297	491	24
610	18.751	60.037	15	202	397	16
611	-86.017	49.064	13	285	487	22
612	23.47	90.202	14	224	567	16
613	4.737	-5.327	14	168	395	19
614	-61.012	-46.769	6	293	481	7
615	-94.753	93.277	6	265	447	21
616	-83.249	49.102	10	109	416	12
617	-17.236	75.374	17	108	322	5
618	-36.693	7.705	1	284	527	6
619	-46.207	15.097	22	223	433	6
620	-6.468	-91.945	24	197	510	16
621	-51.296	-15.225	5	225	422	14
622	-6.889	-49.82	3	156	403	3
623	-89.393	-96.668	7	193	493	18
624	19.356	-7.406	17	272	526	13
625	-2.372	24.513	3	243	553	1
626	-11.309	-9.908	3	146	334	24
627	-74.272	1.343	20	137	480	7
628	-21.771	-28.745	19	261	493	20
629	-73.34	94.352	17	114	322	20
630	95.052	0.394	9	113	437	23
631	62.608	-60.888	6	88	351	9
632	-51.504	99.99	15	299	598	24
633	-44.223	93.128	6	298	602	21
634	47.821	-11.473	13	286	548	12
635	-64.714	29.571	24	147	350	25
636	-23.929	3.157	13	85	311	18
637	-62.563	-45.039	5	260	563	25
638	46.004	-66.752	17	274	511	11
639	84.428	38.377	13	162	468	17
640	12.02	62.104	22	102	398	2
641	-50.426	-50.313	17	163	437	24
642	-28.652	-75.214	7	110	365	4
643	-72.342	-83.697	12	161	485	21
644	-83.853	61.193	20	168	379	18
645	-11.443	77.977	1	282	467	7
646	-92.898	37.233	19	285	517	8
647	-36.878	-96.437	18	184	469	18
648	-15.449	88.184	19	289	551	23
649	-48.313	75.371	14	61	374	6
650	0.269	-25.621	25	78	307	9
651	-25.088	71.701	15	200	463	15
652	11.896	-83.981	10	80	277	23
653	25.915	64.022	2	67	370	6
654	-33.555	-28.986	10	155	430	18
655	33.041	83.359	25	245	517	10
656	-59.485	-88.316	14	103	416	4
657	90.285	-92.028	25	244	490	13
658	43.353	81.992	10	226	454	25
659	52.495	-92.793	14	75	375	11
660	19.004	57.367	8	168	440	11
661	-53.581	69.173	16	194	538	3
662	-88.217	-96.166	17	224	412	18
663	45.421	86.728	1	252	470	18
664	87.768	37.918	15	60	295	14
665	-23.6	-90.025	23	222	538	6
666	-72.567	52.39	2	136	368	3
667	-27.904	88.116	8	88	411	8
668	93.39	-99.869	16	191	509	4
669	-49.306	-8.166	20	200	419	6
670	-47.948	58.213	17	218	518	2
671	-99.678	86.905	12	183	396	8
672	81.572	-36.695	1	221	505	20
673	54.545	23.866	18	159	489	1
674	-94.315	89.361	4	73	402	4
675	94.715	1.41	6	140	322	15
676	-67.271	-38.55	10	295	638	18
677	88.41	-76.07	8	124	400	6
678	62.192	-73.395	3	169	524	18
679	-36.396	62.007	14	90	286	7
680	20.274	-61.074	1	283	490	6
681	95.206	-26.909	3	206	513	22
682	12.644	70.267	25	117	445	17
683	-18.888	72.497	9	265	460	17
684	-84.995	-79.233	11	125	373	10
685	-48.966	-88.937	9	89	288	20
686	-16.023	66.94	2	282	608	22
687	-24.162	47.72	4	284	622	9
688	-91.917	76.165	18	81	271	6
689	-27.548	-65.902	15	265	606	15
690	53.39	-62.335	14	86	331	17
691	34.508	76.878	3	267	611	13
692	-38.221	-80.407	20	78	357	15
693	95.983	18.751	22	82	410	3
694	-35.507	-51.476	23	185	406	19
695	-48.819	35.477	3	295	530	20
696	-60.245	-68.289	10	295	598	19
697	-36.753	-70.981	16	293	627	17
698	-85.12	-89.277	13	251	492	15
699	-76.728	-3.117	18	244	424	4
700	27.865	-30.569	14	260	535	6
701	-28.618	-31.981	14	135	442	3
702	81.219	18.097	11	245	440	15
703	-13.241	-85.219	17	169	355	13
704	-41.644	-96.769	22	109	382	5
705	51.088	-29.67	7	243	522	10
706	-33.43	-93.188	15	140	356	8
707	9.018	90.888	10	196	489	17
708	-71.808	56.635	25	235	523	22
709	84.16	-31.976	1	139	337	7
710	-44.312	-9.621	15	133	347	1
711	-2.506	-75.704	17	288	564	14
712	40.647	-93.25	19	294	510	19
713	-89.538	61.172	18	65	385	10
714	-86.77	47.273	15	137	447	17
715	-10.815	-39.277	16	64	265	10
716	-41.306	78.926	18	260	568	9
717	43.246	-60.635	13	129	485	17
718	39.661	-54.372	23	200	437	11
719	21.123	-79.729	14	211	409	25
720	-33.062	-37.964	2	246	540	2
721	85.331	-23.661	14	186	535	15
722	-8.265	89.701	23	71	337	15
723	-32.68	-53.706	23	281	534	20
724	-8.922	90.571	21	297	592	23
725	7.112	72.266	16	193	375	14
726	37.634	-82.97	5	91	326	25
727	55.796	-25.062	22	249	559	11
728	-84.637	18.508	9	178	499	24
729	-81.025	-77.542	22	260	580	4
730	48.153	60.186	4	229	582	15
731	-56.71	-65.612	23	215	462	3
732	-46.037	67.393	14	169	406	23
733	-72.361	-70.591	13	171	414	12
734	-90.585	-7.05	13	89	299	18
735	-73.162	79.959	8	298	538	22
736	67.217	85.366	14	152	477	18
737	-68.613	-68.349	1	290	593	10
738	-99.252	-66.352	19	290	512	6
739	-84.413	-62.967	22	114	445	4
740	-54.542	-82.485	21	285	557	15
741	-68.312	97.969	4	192	480	6
742	27.56	-32.342	18	281	623	20
743	-63.012	-96.59	7	256	549	20
744	98.758	-42.422	13	228	506	25
745	-14.48	-38.43	1	132	394	13
746	-87.251	68.357	4	300	637	9
747	-27.155	-39.51	20	66	257	20
748	93.292	-59.465	13	140	468	25
749	62.407	-3.828	17	200	400	17
750	-33.323	67.417	5	67	280	13
751	77.743	34.381	4	151	462	7
752	-1.776	82.245	24	245	490	6
753	-24.851	68.574	20	131	311	12
754	92.78	-59.985	2	289	602	25
755	80.947	-44.933	21	66	414	22
756	-35.353	38.549	21	88	314	14
757	68.909	24.96	6	253	549	21
758	86.867	-93.257	23	129	326	10
759	-12.914	-78.012	5	154	409	13
760	-77.963	-60.184	3	150	466	9
761	-77.772	47.538	23	214	444	20
762	-70.394	-55.15	19	151	484	6
763	-98.062	-45.386	22	300	594	11
764	48.307	-91.44	6	84	281	16
765	-40.905	87.054	20	163	417	12
766	84.78	-53.103	6	251	487	21
767	86.924	-73.159	2	113	377	14
768	-90.067	50.4	2	199	517	1
769	-87.469	-34.504	11	100	426	6
770	-81.117	-97.785	17	260	588	6
771	27.857	-34.072	14	269	474	24
772	86.382	54.933	13	80	322	8
773	-71.276	-6.169	21	126	472	13
774	-50.602	51.637	21	163	360	16
775	-98.207	-86.931	10	266	484	9
776	-37.713	8.607	5	180	371	18
777	76.394	82.615	21	134	371	6
778	89.911	-67.787	21	127	417	5
779	12.792	-77.573	2	212	470	24
780	32.602	79.379	24	99	334	14
781	-85.552	-74.545	22	237	544	2
782	-2.067	30.598	11	97	367	11
783	-17.588	-19.484	1	82	304	19
784	3.51	98.068	18	202	470	18
785	-87.516	11.264	10	153	350	1
786	45.812	-75.902	12	214	447	21
787	71.882	5.124	10	131	347	23
788	-31.067	58.318	8	248	578	21
789	65.082	99.021	24	77	347	7
790	-56.052	-13.811	6	272	632	15
791	-1.656	92.442	3	201	476	8
792	-29.762	-42.068	4	272	546	1
793	0.509	36.966	25	207	566	7
794	80.412	-60.601	9	265	591	21
795	-55.784	26.373	22	219	572	11
796	72.691	-52.233	22	273	553	1
797	-42.554	78.215	21	164	412	16
798	38.88	-18.445	17	237	464	4
799	85.134	19.835	6	66	325	4
800	2.279	22.286	17	218	442	15
801	-64.263	-8.569	9	299	515	2
802	21.8	4.208	13	162	464	9
803	-13.305	64.133	1	252	522	11
804	-37.673	-73.17	8	185	512	23
805	-31.692	-93.618	3	129	434	15
806	-97.364	-65.298	2	101	345	22
807	85.03	52.421	25	188	515	25
808	87.496	-55.842	18	288	614	1
809	7.713	-83.339	17	275	542	20
810	-81.234	81.319	10	167	407	25
811	63.911	-64.18	4	62	328	3
812	67.778	-33.851	19	266	532	14
813	81.622	96.369	3	244	589	20
814	-52.002	36.857	4	117	448	10
815	87.598	-44.824	24	117	364	23
816	62.311	-81.2	18	91	440	13
817	90.643	-71.205	16	179	390	4
818	74.558	-63.818	9	76	345	2
819	-73.424	29.408	9	100	406	10
820	-72.927	-66.44	9	119	354	25
821	-56.744	-12.566	23	189	448	8
822	-75.255	-62.789	19	147	504	7
823	53.461	-10.909	25	128	351	20
824	-33.693	-34.059	16	105	368	1
825	-15.166	-74.484	22	297	615	7
826	-21.55	60.799	7	160	447	20
827	86.108	-10.761	15	166	455	19
828	42.287	69.491	20	217	400	6
829	73.894	-5.03	24	284	642	18
830	-29.064	57.177	17	274	547	10
831	-69.662	-46.074	12	297	633	18
832	-57.908	-71.319	10	138	492	5
833	-88.15	-61.45	5	61	287	23
834	38.336	70.675	24	228	499	11
835	75.066	92.851	20	126	312	16
836	21.153	-29.633	5	186	471	4
837	-85.024	97.27	5	232	582	12
838	94.121	8.383	8	110	374	21
839	33.819	55.511	23	287	539	11
840	51.595	-31.665	13	262	471	22
841	80.815	-60.041	10	161	436	1
842	-23.098	75.113	4	259	605	10
843	11.211	99.571	8	180	467	17
844	-26.969	-31.036	6	214	551	3
845	-3.579	-85.478	7	297	551	6
846	-43.507	-19.078	21	256	602	23
847	55.988	-94.634	21	190	523	20
848	-48.279	-63.355	20	120	439	21
849	96.818	-7.358	1	190	424	21
850	49.487	-72.534	1	183	471	23
851	-7.135	85.259	3	143	493	20
852	-26.029	-99.228	2	121	341	3
853	86.448	-52.303	17	151	504	23
854	-51.352	3.885	2	60	319	20
855	82.034	-56.098	19	215	451	8
856	1.944	43.674	6	232	576	15
857	28.441	-95.622	22	119	364	4
858	72.136	-69.959	9	273	487	14
859	-31.831	-32.83	22	69	345	7
860	-6.037	-65.246	16	148	366	21
861	77.803	-60.946	6	105	286	14
862	98.121	-37.275	11	250	500	20
863	-87.847	-21.452	2	298	607	9
864	72.626	-79.248	14	268	562	18
865	-65.636	-45.814	14	275	455	20
866	82.311	-44.945	9	191	374	9
867	78.313	-44.396	1	280	617	7
868	82.769	-19.197	8	177	457	14
869	97.7	87.055	13	88	435	3
870	-97.863	58.727	2	236	430	8
871	57.231	53.848	5	230	469	9
872	-31.21	56.176	5	102	396	5
873	68.82	38.553	13	154	504	12
874	82.393	83.708	12	77	403	16
875	-62.522	18.833	16	97	286	22
876	80.575	-72.258	6	245	523	17
877	72.266	-23.318	15	164	475	15
878	-97.663	-0.351	12	270	514	22
879	88.798	-31.563	22	148	448	1
880	-96.661	-64.995	5	190	456	4
881	-77.636	76.591	12	274	520	3
882	0.731	-91.67	25	158	494	13
883	-49.309	-76.281	1	235	525	23
884	44.518	20.486	19	194	525	3
885	-41.869	-43.521	3	110	374	14
886	41.719	-85.799	18	134	487	14
887	-13.884	40.651	21	265	558	19
888	98.288	83.237	18	144	467	21
889	84.087	39.72	23	113	406	17
890	61.351	19.216	17	230	434	5
891	-85.173	41.155	3	128	348	5
892	-50.43	-74.077	4	252	446	23
893	-84.887	66.24	17	217	429	18
894	-54.275	-24.024	2	276	607	13
895	30.542	58.878	8	97	429	20
896	-75.788	53.154	12	146	444	20
897	-48.484	-48.387	20	181	472	16
898	-26.779	98.093	1	160	379	17
899	-35.357	66.007	16	192	542	16
900	-45.131	85.052	8	84	278	12
901	-4.317	44.19	16	251	578	7
902	86.487	29.153	2	93	319	4
903	-69.551	-36.122	13	100	454	3
904	-7.98	-84.024	9	123	439	4
905	-50.529	52.667	21	119	474	10
906	60.99	-86.828	21	221	449	24
907	-93.131	-31.614	10	275	512	18
908	22.123	-53.958	8	199	552	16
909	-0.388	39.671	20	203	537	24
910	-47.725	-45.791	17	234	517	21
911	49.93	-14.23	5	67	288	21
912	72.505	85.257	17	86	285	17
913	49.591	81.528	2	292	609	20
914	64.827	-64.104	2	169	368	17
915	89.909	-56.039	6	274	497	14
916	32.676	40.31	9	202	483	19
917	-60.52	-44.373	16	139	490	7
918	-33.656	-69.415	21	180	536	17
919	41.159	-7.667	14	140	433	21
920	58.797	-75.65	10	215	522	24
921	93.202	-1.173	12	145	500	24
922	50.051	-86.158	21	85	308	16
923	83.878	38.733	12	159	515	6
924	-41.583	-16.848	20	175	504	1
925	-47.441	90.979	16	244	448	1
926	85.905	-23.227	22	231	508	2
927	-2.708	-79.042	23	137	330	19
928	9.248	65.849	4	95	392	10
929	57.981	72.247	11	179	484	4
930	-42.117	-59.073	1	227	417	13
931	-26.294	65.731	5	154	433	5
932	54.026	-83.962	19	194	458	23
933	-24.809	96.627	10	131	450	18
934	26.372	-95.002	19	225	437	14
935	-93.393	35.366	15	198	494	4
936	-54.393	96.067	21	188	533	17
937	96.901	-20.804	24	179	528	11
938	-51.036	-16.036	19	71	260	6
939	-76.031	34.128	19	240	557	11
940	79.717	-58.109	6	255	613	1
941	42.034	-22.569	19	176	358	15
942	77.054	55.934	25	294	620	4
943	-52.777	-24.119	4	236	560	23
944	-35.36	50.715	7	159	421	16
945	98.285	87.072	22	168	350	6
946	59.37	74.806	5	273	512	8
947	-64.331	23.472	21	144	425	6
948	73.276	-12.477	13	220	499	16
949	2.274	-96.067	19	262	600	2
950	6.738	-95.435	24	148	477	8
951	5.123	97.962	18	241	499	12
952	86.534	57.866	4	238	425	6
953	-49.122	-54.459	10	189	412	1
954	60.321	88.368	1	293	596	1
955	69.229	47.683	19	137	321	1
956	35.554	-23.515	12	66	381	17
957	-42.409	54.714	20	179	434	5
958	73.351	-34.81	3	62	392	12
959	-31.881	75.675	5	281	497	25
END_SECTION
VEHICLE_BATTERY_SECTION
0
END_SECTION
VEHICLE_CAPACITY_SECTION
170
END_SECTION
BATTERY_CONSUM_RATE_SECTION
1
END_SECTION
INVERSE_REFUELING_RATE_SECTION
0.38
END_SECTION
AVERAGE_VELOCITY_SECTION
1
END_SECTION
END_FILE
